Dataset: breast-cancer-wisconsin from UCI Machine Learning repository

 ---------------------------- 
| FEEDFORWARD NEURAL NETWORK |
 ---------------------------- 

0 HIDDEN LAYERS - CROSS VALIDATION FOLD 1
=========================================

Weights of each node
--------------------
Output layer: 
Output node 1: [ -0.4772176888606508 -0.9342288000493172 -0.8656979570808923 -0.6946924429119876 -0.28636773880538097 -1.3135194231177574 -0.5799588037623237 -0.8013097792738477 -0.23347070807356307 ]
Output node 2: [ 0.4810480716663589 0.9245103546507477 0.8714436061043768 0.6954351920601762 0.28132955130351067 1.315145541934559 0.5889200528284203 0.7999786656727625 0.232648075718417 ]

Classification results
----------------------

	ACTUAL	 	PREDICTED
	------	 	---------
	2	|	2
	2	|	2
	2	|	2
	2	|	2
	2	|	2
	2	|	2
	2	|	2
	2	|	2
	2	|	2
	2	|	2
	2	|	2
	2	|	2
	2	|	2
	2	|	2
	2	|	2
	2	|	2
	2	|	2
	2	|	4
	2	|	2
	2	|	2
	2	|	2
	2	|	2
	2	|	2
	2	|	2
	2	|	2
	2	|	2
	2	|	2
	2	|	2
	2	|	2
	2	|	2
	2	|	2
	2	|	2
	2	|	2
	2	|	2
	2	|	2
	2	|	2
	2	|	2
	2	|	2
	2	|	2
	2	|	2
	2	|	2
	2	|	2
	2	|	2
	2	|	2
	2	|	2
	2	|	2
	2	|	2
	2	|	2
	2	|	2
	2	|	2
	2	|	2
	2	|	2
	2	|	2
	2	|	2
	2	|	2
	2	|	2
	2	|	2
	2	|	2
	2	|	2
	2	|	2
	2	|	2
	2	|	2
	2	|	2
	2	|	2
	2	|	2
	2	|	2
	2	|	2
	2	|	2
	2	|	2
	2	|	2
	2	|	2
	2	|	2
	2	|	4
	2	|	2
	2	|	2
	2	|	2
	2	|	2
	2	|	2
	2	|	2
	2	|	2
	2	|	2
	2	|	2
	2	|	2
	2	|	2
	2	|	2
	2	|	2
	2	|	2
	2	|	2
	2	|	2
	2	|	2
	2	|	4
	4	|	4
	4	|	2
	4	|	4
	4	|	4
	4	|	4
	4	|	4
	4	|	4
	4	|	4
	4	|	4
	4	|	4
	4	|	4
	4	|	4
	4	|	2
	4	|	4
	4	|	4
	4	|	2
	4	|	2
	4	|	4
	4	|	2
	4	|	4
	4	|	4
	4	|	4
	4	|	4
	4	|	4
	4	|	4
	4	|	4
	4	|	2
	4	|	2
	4	|	4
	4	|	4
	4	|	4
	4	|	4
	4	|	4
	4	|	4
	4	|	4
	4	|	4
	4	|	4
	4	|	4
	4	|	4
	4	|	4
	4	|	4
	4	|	4
	4	|	4
	4	|	4
	4	|	4
	4	|	4
	4	|	4
	4	|	4
--------------------------------
Classification accuracy: 92.81%


1 HIDDEN LAYERS - CROSS VALIDATION FOLD 1
=========================================

Weights of each node
--------------------
Hidden layer: 
Hidden node 1: [ -0.8409842045605317 -1.0132559207440754 -0.9823350669509785 -0.8238342639857479 -0.5146416483018083 -1.3917640055960419 -0.799968063054725 -0.9012842542477741 -0.24374555765545639 ]
Hidden node 2: [ -0.8399659462660753 -1.0017781539900101 -0.9864090565436278 -0.8202180756447544 -0.5197789868091588 -1.3807089172131066 -0.8059778524423892 -0.8972515964926074 -0.2496153948529164 ]
Output layer: 
Output node 1: [ 1.9261167835641206 1.924156667496117 ]
Output node 2: [ -1.9353035150242002 -1.9207915334629426 ]

Classification results
----------------------

	ACTUAL	 	PREDICTED
	------	 	---------
	2	|	2
	2	|	2
	2	|	2
	2	|	2
	2	|	2
	2	|	2
	2	|	2
	2	|	2
	2	|	2
	2	|	2
	2	|	2
	2	|	2
	2	|	2
	2	|	2
	2	|	2
	2	|	2
	2	|	2
	2	|	4
	2	|	2
	2	|	2
	2	|	2
	2	|	2
	2	|	2
	2	|	2
	2	|	2
	2	|	2
	2	|	2
	2	|	2
	2	|	2
	2	|	2
	2	|	2
	2	|	2
	2	|	2
	2	|	2
	2	|	2
	2	|	2
	2	|	2
	2	|	2
	2	|	2
	2	|	2
	2	|	2
	2	|	2
	2	|	2
	2	|	2
	2	|	2
	2	|	2
	2	|	2
	2	|	2
	2	|	2
	2	|	2
	2	|	2
	2	|	2
	2	|	2
	2	|	2
	2	|	2
	2	|	2
	2	|	2
	2	|	2
	2	|	2
	2	|	2
	2	|	2
	2	|	2
	2	|	2
	2	|	2
	2	|	2
	2	|	2
	2	|	2
	2	|	2
	2	|	2
	2	|	2
	2	|	2
	2	|	2
	2	|	4
	2	|	2
	2	|	2
	2	|	2
	2	|	2
	2	|	2
	2	|	2
	2	|	2
	2	|	2
	2	|	2
	2	|	2
	2	|	2
	2	|	2
	2	|	2
	2	|	2
	2	|	2
	2	|	2
	2	|	2
	2	|	4
	4	|	4
	4	|	2
	4	|	2
	4	|	4
	4	|	4
	4	|	4
	4	|	4
	4	|	4
	4	|	4
	4	|	4
	4	|	4
	4	|	4
	4	|	2
	4	|	4
	4	|	4
	4	|	2
	4	|	2
	4	|	4
	4	|	2
	4	|	4
	4	|	4
	4	|	4
	4	|	4
	4	|	4
	4	|	4
	4	|	4
	4	|	2
	4	|	2
	4	|	4
	4	|	4
	4	|	4
	4	|	4
	4	|	4
	4	|	4
	4	|	4
	4	|	4
	4	|	4
	4	|	4
	4	|	4
	4	|	4
	4	|	4
	4	|	4
	4	|	4
	4	|	4
	4	|	4
	4	|	4
	4	|	4
	4	|	4
--------------------------------
Classification accuracy: 92.09%


2 HIDDEN LAYERS - CROSS VALIDATION FOLD 1
=========================================

Weights of each node
--------------------
Hidden layer: 
Hidden node 1: [ -0.7107337391200976 -0.9031858194971253 -0.8708949289716331 -0.7340191497189129 -0.46478250403801435 -1.1806133714674332 -0.7004803439581886 -0.7818369961343781 -0.21453599261731998 ]
Hidden node 2: [ -0.7314032842350487 -0.9287132138330794 -0.8810987430334245 -0.7476639771254417 -0.4596573343321254 -1.2052972803534525 -0.7239941011197167 -0.7950795851446735 -0.2265370497337917 ]
Hidden layer: 
Hidden node 1: [ 2.320899580705681 2.386009661393186 ]
Hidden node 2: [ 0.7678976519775149 0.7910430562674376 ]
Output layer: 
Output node 1: [ 2.5253168747279955 0.2557258718226737 ]
Output node 2: [ -2.523860913244124 -0.25487965287969866 ]

Classification results
----------------------

	ACTUAL	 	PREDICTED
	------	 	---------
	2	|	2
	2	|	2
	2	|	2
	2	|	2
	2	|	2
	2	|	2
	2	|	2
	2	|	2
	2	|	2
	2	|	2
	2	|	2
	2	|	2
	2	|	2
	2	|	2
	2	|	2
	2	|	2
	2	|	2
	2	|	4
	2	|	2
	2	|	2
	2	|	2
	2	|	2
	2	|	2
	2	|	2
	2	|	2
	2	|	2
	2	|	2
	2	|	2
	2	|	2
	2	|	2
	2	|	2
	2	|	2
	2	|	2
	2	|	2
	2	|	2
	2	|	2
	2	|	2
	2	|	2
	2	|	2
	2	|	2
	2	|	2
	2	|	2
	2	|	2
	2	|	2
	2	|	2
	2	|	2
	2	|	2
	2	|	2
	2	|	2
	2	|	2
	2	|	2
	2	|	2
	2	|	2
	2	|	2
	2	|	2
	2	|	2
	2	|	2
	2	|	2
	2	|	2
	2	|	2
	2	|	2
	2	|	2
	2	|	2
	2	|	2
	2	|	2
	2	|	2
	2	|	2
	2	|	2
	2	|	2
	2	|	2
	2	|	2
	2	|	2
	2	|	4
	2	|	2
	2	|	2
	2	|	2
	2	|	2
	2	|	2
	2	|	2
	2	|	2
	2	|	2
	2	|	2
	2	|	2
	2	|	2
	2	|	2
	2	|	2
	2	|	2
	2	|	2
	2	|	2
	2	|	2
	2	|	4
	4	|	4
	4	|	2
	4	|	2
	4	|	4
	4	|	4
	4	|	2
	4	|	4
	4	|	4
	4	|	4
	4	|	4
	4	|	4
	4	|	4
	4	|	2
	4	|	4
	4	|	4
	4	|	2
	4	|	2
	4	|	4
	4	|	2
	4	|	4
	4	|	4
	4	|	2
	4	|	4
	4	|	4
	4	|	4
	4	|	4
	4	|	2
	4	|	2
	4	|	4
	4	|	4
	4	|	4
	4	|	4
	4	|	4
	4	|	4
	4	|	4
	4	|	4
	4	|	4
	4	|	2
	4	|	4
	4	|	4
	4	|	4
	4	|	4
	4	|	4
	4	|	4
	4	|	4
	4	|	4
	4	|	4
	4	|	4
--------------------------------
Classification accuracy: 89.93%


0 HIDDEN LAYERS - CROSS VALIDATION FOLD 2
=========================================

Weights of each node
--------------------
Output layer: 
Output node 1: [ -0.5342513526342628 -0.9629132146425248 -0.8975206144399125 -0.7008629544452035 -0.3979278041000769 -1.222149060514917 -0.6176905977639647 -0.8413932784385878 -0.263158710068206 ]
Output node 2: [ 0.5313271637230699 0.9687749251162951 0.8875338374568914 0.6894709451602284 0.4007287753730087 1.2278630705676397 0.623611038928171 0.8454920655262439 0.26253746364161723 ]

Classification results
----------------------

	ACTUAL	 	PREDICTED
	------	 	---------
	2	|	4
	2	|	2
	2	|	2
	2	|	2
	2	|	2
	2	|	2
	2	|	2
	2	|	2
	2	|	2
	2	|	2
	2	|	2
	2	|	2
	2	|	2
	2	|	2
	2	|	2
	2	|	2
	2	|	2
	2	|	2
	2	|	2
	2	|	2
	2	|	2
	2	|	2
	2	|	2
	2	|	2
	2	|	2
	2	|	2
	2	|	2
	2	|	2
	2	|	2
	2	|	2
	2	|	2
	2	|	2
	2	|	2
	2	|	2
	2	|	2
	2	|	2
	2	|	2
	2	|	2
	2	|	2
	2	|	2
	2	|	2
	2	|	2
	2	|	2
	2	|	2
	2	|	2
	2	|	4
	2	|	2
	2	|	2
	2	|	2
	2	|	2
	2	|	2
	2	|	2
	2	|	2
	2	|	4
	2	|	2
	2	|	2
	2	|	2
	2	|	2
	2	|	2
	2	|	2
	2	|	2
	2	|	2
	2	|	2
	2	|	2
	2	|	2
	2	|	2
	2	|	4
	2	|	2
	2	|	2
	2	|	2
	2	|	2
	2	|	2
	2	|	2
	2	|	2
	2	|	2
	2	|	2
	2	|	2
	2	|	2
	2	|	2
	2	|	2
	2	|	2
	2	|	2
	2	|	2
	2	|	2
	2	|	2
	2	|	2
	2	|	2
	2	|	2
	2	|	2
	2	|	2
	2	|	2
	4	|	4
	4	|	4
	4	|	4
	4	|	4
	4	|	4
	4	|	4
	4	|	4
	4	|	4
	4	|	4
	4	|	4
	4	|	4
	4	|	4
	4	|	4
	4	|	4
	4	|	4
	4	|	4
	4	|	4
	4	|	4
	4	|	4
	4	|	4
	4	|	4
	4	|	4
	4	|	4
	4	|	4
	4	|	4
	4	|	4
	4	|	4
	4	|	4
	4	|	4
	4	|	4
	4	|	4
	4	|	4
	4	|	4
	4	|	4
	4	|	4
	4	|	4
	4	|	4
	4	|	4
	4	|	4
	4	|	4
	4	|	4
	4	|	2
	4	|	4
	4	|	4
	4	|	4
	4	|	4
	4	|	4
	4	|	4
--------------------------------
Classification accuracy: 96.4%


1 HIDDEN LAYERS - CROSS VALIDATION FOLD 2
=========================================

Weights of each node
--------------------
Hidden layer: 
Hidden node 1: [ -0.8518716303968993 -1.0139514317575808 -1.0067186802162646 -0.782022066573048 -0.6081689304195447 -1.2918443927226053 -0.7904271630617526 -0.8778991175618416 -0.2786226328306635 ]
Hidden node 2: [ -0.8716548579343605 -1.0154039973024995 -1.0036030902712516 -0.781242699013155 -0.6114624209642 -1.3014388267621426 -0.7882518698849132 -0.893068684630801 -0.27470148157559443 ]
Output layer: 
Output node 1: [ 1.8701536364673286 1.8860759001179455 ]
Output node 2: [ -1.8744604011778991 -1.8895101201448115 ]

Classification results
----------------------

	ACTUAL	 	PREDICTED
	------	 	---------
	2	|	4
	2	|	2
	2	|	2
	2	|	2
	2	|	2
	2	|	2
	2	|	2
	2	|	2
	2	|	2
	2	|	2
	2	|	2
	2	|	2
	2	|	2
	2	|	2
	2	|	2
	2	|	2
	2	|	2
	2	|	2
	2	|	2
	2	|	2
	2	|	2
	2	|	2
	2	|	2
	2	|	2
	2	|	2
	2	|	2
	2	|	2
	2	|	2
	2	|	2
	2	|	2
	2	|	2
	2	|	2
	2	|	2
	2	|	2
	2	|	2
	2	|	2
	2	|	2
	2	|	2
	2	|	2
	2	|	2
	2	|	2
	2	|	2
	2	|	2
	2	|	2
	2	|	2
	2	|	4
	2	|	2
	2	|	2
	2	|	2
	2	|	2
	2	|	2
	2	|	2
	2	|	2
	2	|	4
	2	|	2
	2	|	2
	2	|	2
	2	|	2
	2	|	2
	2	|	2
	2	|	2
	2	|	2
	2	|	2
	2	|	2
	2	|	2
	2	|	2
	2	|	4
	2	|	2
	2	|	2
	2	|	2
	2	|	2
	2	|	2
	2	|	2
	2	|	2
	2	|	2
	2	|	2
	2	|	2
	2	|	2
	2	|	2
	2	|	2
	2	|	2
	2	|	2
	2	|	2
	2	|	2
	2	|	2
	2	|	2
	2	|	2
	2	|	2
	2	|	2
	2	|	2
	2	|	2
	4	|	4
	4	|	4
	4	|	4
	4	|	4
	4	|	4
	4	|	4
	4	|	4
	4	|	4
	4	|	4
	4	|	4
	4	|	4
	4	|	4
	4	|	4
	4	|	4
	4	|	4
	4	|	4
	4	|	4
	4	|	4
	4	|	4
	4	|	4
	4	|	4
	4	|	4
	4	|	4
	4	|	4
	4	|	4
	4	|	4
	4	|	4
	4	|	4
	4	|	4
	4	|	4
	4	|	4
	4	|	4
	4	|	4
	4	|	4
	4	|	4
	4	|	4
	4	|	4
	4	|	4
	4	|	4
	4	|	4
	4	|	4
	4	|	2
	4	|	4
	4	|	4
	4	|	4
	4	|	4
	4	|	4
	4	|	4
--------------------------------
Classification accuracy: 96.4%


2 HIDDEN LAYERS - CROSS VALIDATION FOLD 2
=========================================

Weights of each node
--------------------
Hidden layer: 
Hidden node 1: [ -0.8400528984515025 -1.0206950685360394 -0.9836224423739928 -0.7785434988380865 -0.5886747938315515 -1.2916913049505172 -0.7810239214078414 -0.892001476426244 -0.25057942211590795 ]
Hidden node 2: [ -0.7788890694475675 -0.962704123801108 -0.9315971456110544 -0.7421810324658888 -0.5504539408572627 -1.2172730587450873 -0.7314844469483427 -0.8385956971001343 -0.23752313232163677 ]
Hidden layer: 
Hidden node 1: [ 2.7256203531694205 2.5171172894562086 ]
Hidden node 2: [ 0.7225062820964784 0.6594400419004728 ]
Output layer: 
Output node 1: [ 2.9139751576418855 0.1278996623247315 ]
Output node 2: [ -2.9107654162373984 -0.12192964050201029 ]

Classification results
----------------------

	ACTUAL	 	PREDICTED
	------	 	---------
	2	|	4
	2	|	2
	2	|	2
	2	|	2
	2	|	2
	2	|	2
	2	|	2
	2	|	2
	2	|	2
	2	|	2
	2	|	2
	2	|	2
	2	|	2
	2	|	2
	2	|	2
	2	|	2
	2	|	2
	2	|	2
	2	|	2
	2	|	2
	2	|	2
	2	|	2
	2	|	2
	2	|	2
	2	|	2
	2	|	2
	2	|	2
	2	|	2
	2	|	2
	2	|	2
	2	|	2
	2	|	2
	2	|	2
	2	|	2
	2	|	2
	2	|	2
	2	|	2
	2	|	2
	2	|	2
	2	|	2
	2	|	2
	2	|	2
	2	|	2
	2	|	2
	2	|	2
	2	|	4
	2	|	2
	2	|	2
	2	|	2
	2	|	2
	2	|	2
	2	|	2
	2	|	2
	2	|	4
	2	|	2
	2	|	2
	2	|	2
	2	|	2
	2	|	2
	2	|	2
	2	|	2
	2	|	2
	2	|	2
	2	|	2
	2	|	2
	2	|	2
	2	|	4
	2	|	2
	2	|	2
	2	|	2
	2	|	2
	2	|	2
	2	|	2
	2	|	2
	2	|	2
	2	|	2
	2	|	2
	2	|	2
	2	|	2
	2	|	2
	2	|	2
	2	|	2
	2	|	2
	2	|	2
	2	|	2
	2	|	2
	2	|	2
	2	|	2
	2	|	2
	2	|	2
	2	|	2
	4	|	4
	4	|	4
	4	|	4
	4	|	4
	4	|	2
	4	|	4
	4	|	4
	4	|	2
	4	|	4
	4	|	4
	4	|	4
	4	|	4
	4	|	4
	4	|	4
	4	|	4
	4	|	4
	4	|	4
	4	|	4
	4	|	4
	4	|	4
	4	|	4
	4	|	4
	4	|	4
	4	|	4
	4	|	4
	4	|	4
	4	|	4
	4	|	4
	4	|	4
	4	|	4
	4	|	4
	4	|	4
	4	|	4
	4	|	4
	4	|	4
	4	|	4
	4	|	4
	4	|	4
	4	|	4
	4	|	4
	4	|	4
	4	|	2
	4	|	4
	4	|	4
	4	|	4
	4	|	4
	4	|	4
	4	|	4
--------------------------------
Classification accuracy: 94.96%


0 HIDDEN LAYERS - CROSS VALIDATION FOLD 3
=========================================

Weights of each node
--------------------
Output layer: 
Output node 1: [ -0.548392916635872 -0.9401993209433535 -0.8795294657865159 -0.666247709572027 -0.36783998390835687 -1.2271398038997041 -0.4779509599030372 -0.7445721263437559 -0.2785273633205042 ]
Output node 2: [ 0.5582144931183473 0.9384622372611807 0.868599390552945 0.6636761667294948 0.3622675410840063 1.2322856043116601 0.4831461349200528 0.7468623756502719 0.26335771158763494 ]

Classification results
----------------------

	ACTUAL	 	PREDICTED
	------	 	---------
	2	|	4
	2	|	2
	2	|	2
	2	|	2
	2	|	2
	2	|	2
	2	|	2
	2	|	2
	2	|	2
	2	|	2
	2	|	2
	2	|	2
	2	|	2
	2	|	2
	2	|	2
	2	|	2
	2	|	2
	2	|	2
	2	|	4
	2	|	2
	2	|	2
	2	|	2
	2	|	2
	2	|	2
	2	|	2
	2	|	2
	2	|	2
	2	|	2
	2	|	2
	2	|	2
	2	|	2
	2	|	2
	2	|	2
	2	|	2
	2	|	2
	2	|	2
	2	|	2
	2	|	2
	2	|	2
	2	|	2
	2	|	2
	2	|	2
	2	|	2
	2	|	2
	2	|	2
	2	|	2
	2	|	2
	2	|	2
	2	|	4
	2	|	2
	2	|	2
	2	|	2
	2	|	2
	2	|	2
	2	|	2
	2	|	2
	2	|	2
	2	|	2
	2	|	2
	2	|	2
	2	|	2
	2	|	2
	2	|	2
	2	|	2
	2	|	2
	2	|	2
	2	|	2
	2	|	2
	2	|	2
	2	|	2
	2	|	2
	2	|	2
	2	|	2
	2	|	2
	2	|	2
	2	|	2
	2	|	2
	2	|	2
	2	|	2
	2	|	2
	2	|	2
	2	|	2
	2	|	2
	2	|	2
	2	|	2
	2	|	2
	2	|	2
	2	|	2
	2	|	2
	2	|	2
	2	|	2
	4	|	4
	4	|	4
	4	|	4
	4	|	4
	4	|	4
	4	|	2
	4	|	4
	4	|	4
	4	|	4
	4	|	4
	4	|	4
	4	|	4
	4	|	4
	4	|	4
	4	|	4
	4	|	4
	4	|	4
	4	|	4
	4	|	4
	4	|	4
	4	|	4
	4	|	4
	4	|	4
	4	|	4
	4	|	4
	4	|	4
	4	|	4
	4	|	4
	4	|	4
	4	|	4
	4	|	4
	4	|	4
	4	|	4
	4	|	2
	4	|	4
	4	|	4
	4	|	4
	4	|	4
	4	|	4
	4	|	4
	4	|	4
	4	|	4
	4	|	4
	4	|	4
	4	|	4
	4	|	4
	4	|	4
	4	|	4
--------------------------------
Classification accuracy: 96.4%


1 HIDDEN LAYERS - CROSS VALIDATION FOLD 3
=========================================

Weights of each node
--------------------
Hidden layer: 
Hidden node 1: [ -0.944070213010216 -1.0875533078462272 -1.0487806764616874 -0.797997362003283 -0.6228083284081647 -1.3464445430032836 -0.742351774281261 -0.8705020882353652 -0.33636801345490674 ]
Hidden node 2: [ -0.9188251180347157 -1.0460435315305687 -1.0264714229448566 -0.7622613906917887 -0.606234319567376 -1.321647104068104 -0.7186077337164981 -0.8480856685345696 -0.31627224021031286 ]
Output layer: 
Output node 1: [ 1.981664612256904 1.8969737102354114 ]
Output node 2: [ -1.9730865146473935 -1.9015691917635322 ]

Classification results
----------------------

	ACTUAL	 	PREDICTED
	------	 	---------
	2	|	4
	2	|	2
	2	|	2
	2	|	2
	2	|	2
	2	|	2
	2	|	2
	2	|	2
	2	|	2
	2	|	2
	2	|	2
	2	|	2
	2	|	2
	2	|	2
	2	|	2
	2	|	2
	2	|	2
	2	|	2
	2	|	4
	2	|	2
	2	|	2
	2	|	2
	2	|	2
	2	|	2
	2	|	2
	2	|	2
	2	|	2
	2	|	2
	2	|	2
	2	|	2
	2	|	2
	2	|	2
	2	|	2
	2	|	2
	2	|	2
	2	|	2
	2	|	2
	2	|	2
	2	|	2
	2	|	2
	2	|	2
	2	|	2
	2	|	2
	2	|	2
	2	|	2
	2	|	2
	2	|	2
	2	|	2
	2	|	4
	2	|	2
	2	|	2
	2	|	2
	2	|	2
	2	|	2
	2	|	2
	2	|	2
	2	|	2
	2	|	2
	2	|	2
	2	|	2
	2	|	2
	2	|	2
	2	|	2
	2	|	2
	2	|	2
	2	|	2
	2	|	2
	2	|	2
	2	|	2
	2	|	2
	2	|	2
	2	|	2
	2	|	2
	2	|	2
	2	|	2
	2	|	2
	2	|	2
	2	|	2
	2	|	2
	2	|	2
	2	|	2
	2	|	2
	2	|	2
	2	|	2
	2	|	2
	2	|	2
	2	|	2
	2	|	2
	2	|	2
	2	|	2
	2	|	2
	4	|	4
	4	|	4
	4	|	4
	4	|	4
	4	|	4
	4	|	2
	4	|	4
	4	|	4
	4	|	4
	4	|	4
	4	|	4
	4	|	4
	4	|	4
	4	|	4
	4	|	4
	4	|	4
	4	|	4
	4	|	4
	4	|	4
	4	|	4
	4	|	4
	4	|	4
	4	|	4
	4	|	4
	4	|	4
	4	|	4
	4	|	4
	4	|	4
	4	|	4
	4	|	4
	4	|	4
	4	|	4
	4	|	4
	4	|	4
	4	|	4
	4	|	4
	4	|	4
	4	|	4
	4	|	4
	4	|	4
	4	|	4
	4	|	4
	4	|	4
	4	|	4
	4	|	4
	4	|	4
	4	|	4
	4	|	4
--------------------------------
Classification accuracy: 97.12%


2 HIDDEN LAYERS - CROSS VALIDATION FOLD 3
=========================================

Weights of each node
--------------------
Hidden layer: 
Hidden node 1: [ -0.9468985755555176 -1.0941270495818427 -1.064702907398829 -0.7980734968062471 -0.6402446189820735 -1.368960001730253 -0.7570620339650724 -0.8769969760448755 -0.3193409885808431 ]
Hidden node 2: [ -0.9780132967939322 -1.1241568580806842 -1.098194236446853 -0.8294744775487548 -0.6511711877908506 -1.4038822774912314 -0.774231758354264 -0.8975559477535907 -0.34421592669194745 ]
Hidden layer: 
Hidden node 1: [ 2.8591971465853736 2.970207939088754 ]
Hidden node 2: [ 0.8423297015509135 0.8837126750992913 ]
Output layer: 
Output node 1: [ 3.345761645517059 0.3300584582495015 ]
Output node 2: [ -3.3463889942237484 -0.32266267128468823 ]

Classification results
----------------------

	ACTUAL	 	PREDICTED
	------	 	---------
	2	|	4
	2	|	2
	2	|	2
	2	|	2
	2	|	2
	2	|	2
	2	|	2
	2	|	2
	2	|	2
	2	|	2
	2	|	2
	2	|	2
	2	|	2
	2	|	2
	2	|	2
	2	|	2
	2	|	2
	2	|	2
	2	|	4
	2	|	2
	2	|	2
	2	|	2
	2	|	2
	2	|	2
	2	|	2
	2	|	2
	2	|	2
	2	|	2
	2	|	2
	2	|	2
	2	|	2
	2	|	2
	2	|	2
	2	|	2
	2	|	2
	2	|	2
	2	|	2
	2	|	2
	2	|	2
	2	|	2
	2	|	2
	2	|	2
	2	|	2
	2	|	2
	2	|	2
	2	|	2
	2	|	2
	2	|	2
	2	|	4
	2	|	2
	2	|	2
	2	|	2
	2	|	2
	2	|	2
	2	|	2
	2	|	2
	2	|	2
	2	|	2
	2	|	2
	2	|	2
	2	|	2
	2	|	2
	2	|	2
	2	|	2
	2	|	2
	2	|	2
	2	|	2
	2	|	2
	2	|	2
	2	|	2
	2	|	2
	2	|	2
	2	|	2
	2	|	2
	2	|	2
	2	|	2
	2	|	2
	2	|	2
	2	|	2
	2	|	2
	2	|	2
	2	|	2
	2	|	2
	2	|	2
	2	|	2
	2	|	2
	2	|	2
	2	|	2
	2	|	2
	2	|	2
	2	|	2
	4	|	4
	4	|	4
	4	|	4
	4	|	4
	4	|	4
	4	|	2
	4	|	4
	4	|	4
	4	|	4
	4	|	4
	4	|	4
	4	|	4
	4	|	4
	4	|	4
	4	|	4
	4	|	4
	4	|	4
	4	|	4
	4	|	4
	4	|	4
	4	|	4
	4	|	4
	4	|	4
	4	|	4
	4	|	4
	4	|	4
	4	|	4
	4	|	4
	4	|	4
	4	|	4
	4	|	4
	4	|	4
	4	|	4
	4	|	4
	4	|	4
	4	|	4
	4	|	4
	4	|	4
	4	|	4
	4	|	4
	4	|	4
	4	|	4
	4	|	4
	4	|	4
	4	|	4
	4	|	4
	4	|	4
	4	|	4
--------------------------------
Classification accuracy: 97.12%


0 HIDDEN LAYERS - CROSS VALIDATION FOLD 4
=========================================

Weights of each node
--------------------
Output layer: 
Output node 1: [ -0.534195502614554 -0.8783019182698807 -0.8660214074051248 -0.6877978860218367 -0.3834917927967349 -1.233450723954971 -0.5150454121306993 -0.767637613589582 -0.2882376077562093 ]
Output node 2: [ 0.529526968651933 0.8865249284272515 0.8619544699444855 0.689438420583923 0.3923274262762621 1.2294043307144766 0.5106938763834712 0.7744695265263399 0.2798148048549576 ]

Classification results
----------------------

	ACTUAL	 	PREDICTED
	------	 	---------
	2	|	2
	2	|	2
	2	|	2
	2	|	2
	2	|	2
	2	|	4
	2	|	2
	2	|	2
	2	|	2
	2	|	2
	2	|	2
	2	|	2
	2	|	2
	2	|	2
	2	|	2
	2	|	2
	2	|	2
	2	|	2
	2	|	2
	2	|	2
	2	|	2
	2	|	2
	2	|	2
	2	|	2
	2	|	2
	2	|	2
	2	|	2
	2	|	2
	2	|	2
	2	|	2
	2	|	2
	2	|	2
	2	|	2
	2	|	2
	2	|	2
	2	|	2
	2	|	2
	2	|	2
	2	|	2
	2	|	2
	2	|	2
	2	|	2
	2	|	2
	2	|	2
	2	|	2
	2	|	2
	2	|	2
	2	|	2
	2	|	2
	2	|	2
	2	|	2
	2	|	2
	2	|	2
	2	|	2
	2	|	2
	2	|	2
	2	|	2
	2	|	2
	2	|	2
	2	|	2
	2	|	2
	2	|	2
	2	|	2
	2	|	2
	2	|	2
	2	|	2
	2	|	2
	2	|	2
	2	|	2
	2	|	2
	2	|	2
	2	|	2
	2	|	2
	2	|	2
	2	|	2
	2	|	2
	2	|	2
	2	|	2
	2	|	2
	2	|	2
	2	|	2
	2	|	2
	2	|	2
	2	|	2
	2	|	2
	2	|	2
	2	|	2
	2	|	2
	2	|	2
	2	|	2
	2	|	2
	4	|	4
	4	|	4
	4	|	4
	4	|	4
	4	|	4
	4	|	4
	4	|	4
	4	|	4
	4	|	4
	4	|	4
	4	|	4
	4	|	4
	4	|	4
	4	|	4
	4	|	4
	4	|	2
	4	|	4
	4	|	4
	4	|	4
	4	|	4
	4	|	4
	4	|	2
	4	|	4
	4	|	4
	4	|	4
	4	|	4
	4	|	4
	4	|	4
	4	|	4
	4	|	4
	4	|	4
	4	|	4
	4	|	4
	4	|	4
	4	|	4
	4	|	4
	4	|	4
	4	|	4
	4	|	4
	4	|	4
	4	|	4
	4	|	4
	4	|	4
	4	|	4
	4	|	4
	4	|	4
	4	|	4
	4	|	4
--------------------------------
Classification accuracy: 97.84%


1 HIDDEN LAYERS - CROSS VALIDATION FOLD 4
=========================================

Weights of each node
--------------------
Hidden layer: 
Hidden node 1: [ -0.836887839355772 -0.9031516005135454 -0.9094763486577443 -0.7227015553194347 -0.5681368092487176 -1.2493969506528795 -0.6703834279690472 -0.7889372937342282 -0.29324439585979345 ]
Hidden node 2: [ -0.9488653593422037 -1.01373857401951 -1.0244937985432476 -0.8089520971199382 -0.6237166101519301 -1.4189027152363487 -0.7652935599472344 -0.8846260987086498 -0.31852080036877495 ]
Output layer: 
Output node 1: [ 1.6814183773125786 1.9919532042830943 ]
Output node 2: [ -1.6800258935079675 -1.9928420446571014 ]

Classification results
----------------------

	ACTUAL	 	PREDICTED
	------	 	---------
	2	|	2
	2	|	2
	2	|	2
	2	|	2
	2	|	2
	2	|	4
	2	|	2
	2	|	2
	2	|	2
	2	|	2
	2	|	2
	2	|	2
	2	|	2
	2	|	2
	2	|	2
	2	|	2
	2	|	2
	2	|	2
	2	|	2
	2	|	2
	2	|	2
	2	|	2
	2	|	2
	2	|	2
	2	|	2
	2	|	2
	2	|	2
	2	|	2
	2	|	2
	2	|	2
	2	|	2
	2	|	2
	2	|	2
	2	|	2
	2	|	2
	2	|	2
	2	|	2
	2	|	2
	2	|	2
	2	|	2
	2	|	2
	2	|	2
	2	|	2
	2	|	2
	2	|	2
	2	|	2
	2	|	2
	2	|	2
	2	|	2
	2	|	2
	2	|	2
	2	|	2
	2	|	2
	2	|	2
	2	|	2
	2	|	2
	2	|	2
	2	|	2
	2	|	2
	2	|	2
	2	|	2
	2	|	2
	2	|	2
	2	|	2
	2	|	2
	2	|	2
	2	|	2
	2	|	2
	2	|	2
	2	|	2
	2	|	2
	2	|	2
	2	|	2
	2	|	2
	2	|	2
	2	|	2
	2	|	2
	2	|	2
	2	|	2
	2	|	2
	2	|	2
	2	|	2
	2	|	2
	2	|	2
	2	|	2
	2	|	2
	2	|	2
	2	|	2
	2	|	2
	2	|	2
	2	|	2
	4	|	4
	4	|	4
	4	|	4
	4	|	4
	4	|	4
	4	|	4
	4	|	4
	4	|	4
	4	|	4
	4	|	4
	4	|	4
	4	|	4
	4	|	4
	4	|	4
	4	|	4
	4	|	2
	4	|	4
	4	|	4
	4	|	4
	4	|	4
	4	|	4
	4	|	2
	4	|	4
	4	|	4
	4	|	4
	4	|	4
	4	|	4
	4	|	4
	4	|	4
	4	|	4
	4	|	4
	4	|	4
	4	|	4
	4	|	4
	4	|	4
	4	|	4
	4	|	4
	4	|	4
	4	|	4
	4	|	4
	4	|	4
	4	|	4
	4	|	4
	4	|	4
	4	|	4
	4	|	4
	4	|	4
	4	|	4
--------------------------------
Classification accuracy: 97.84%


2 HIDDEN LAYERS - CROSS VALIDATION FOLD 4
=========================================

Weights of each node
--------------------
Hidden layer: 
Hidden node 1: [ -1.0451093788304369 -1.1036709445486244 -1.1260116283497539 -0.8143332336219078 -0.6859012220318159 -1.5223753912766727 -0.8160835399145762 -0.9127514015662255 -0.36775138500133114 ]
Hidden node 2: [ -1.0237281952708575 -1.0788430938268394 -1.0981672414661046 -0.7952506933229001 -0.6722039786602518 -1.4823415335807018 -0.8112721267836336 -0.8880589076527029 -0.3613254167754282 ]
Hidden layer: 
Hidden node 1: [ 3.1177953956563145 3.0240739397213505 ]
Hidden node 2: [ 0.76628491746593 0.7295485320682568 ]
Output layer: 
Output node 1: [ 3.618316279460678 0.10780549334090217 ]
Output node 2: [ -3.6212671931884772 -0.1001570299408277 ]

Classification results
----------------------

	ACTUAL	 	PREDICTED
	------	 	---------
	2	|	2
	2	|	2
	2	|	2
	2	|	2
	2	|	2
	2	|	4
	2	|	2
	2	|	2
	2	|	2
	2	|	2
	2	|	2
	2	|	2
	2	|	2
	2	|	2
	2	|	2
	2	|	2
	2	|	2
	2	|	2
	2	|	2
	2	|	2
	2	|	2
	2	|	2
	2	|	2
	2	|	2
	2	|	2
	2	|	2
	2	|	2
	2	|	2
	2	|	2
	2	|	2
	2	|	2
	2	|	2
	2	|	2
	2	|	2
	2	|	2
	2	|	2
	2	|	2
	2	|	2
	2	|	2
	2	|	2
	2	|	2
	2	|	2
	2	|	2
	2	|	2
	2	|	2
	2	|	2
	2	|	2
	2	|	2
	2	|	2
	2	|	2
	2	|	2
	2	|	2
	2	|	2
	2	|	2
	2	|	2
	2	|	2
	2	|	2
	2	|	2
	2	|	2
	2	|	2
	2	|	2
	2	|	2
	2	|	2
	2	|	2
	2	|	2
	2	|	2
	2	|	2
	2	|	2
	2	|	2
	2	|	2
	2	|	2
	2	|	2
	2	|	2
	2	|	2
	2	|	2
	2	|	2
	2	|	2
	2	|	2
	2	|	2
	2	|	2
	2	|	2
	2	|	2
	2	|	2
	2	|	2
	2	|	2
	2	|	2
	2	|	2
	2	|	2
	2	|	2
	2	|	2
	2	|	4
	4	|	4
	4	|	4
	4	|	4
	4	|	4
	4	|	4
	4	|	4
	4	|	4
	4	|	4
	4	|	4
	4	|	4
	4	|	4
	4	|	4
	4	|	4
	4	|	4
	4	|	4
	4	|	2
	4	|	4
	4	|	4
	4	|	4
	4	|	4
	4	|	4
	4	|	4
	4	|	4
	4	|	4
	4	|	4
	4	|	4
	4	|	4
	4	|	4
	4	|	4
	4	|	4
	4	|	4
	4	|	4
	4	|	4
	4	|	4
	4	|	4
	4	|	4
	4	|	4
	4	|	4
	4	|	4
	4	|	4
	4	|	4
	4	|	4
	4	|	4
	4	|	4
	4	|	4
	4	|	4
	4	|	4
	4	|	4
--------------------------------
Classification accuracy: 97.84%


0 HIDDEN LAYERS - CROSS VALIDATION FOLD 5
=========================================

Weights of each node
--------------------
Output layer: 
Output node 1: [ -0.5781444749443286 -0.8863911942551126 -0.8357578166800428 -0.6149042902539641 -0.380528462756427 -1.2632945034657883 -0.44884971501765214 -0.7842770110176909 -0.3168673382882065 ]
Output node 2: [ 0.578725886401257 0.8927684114829412 0.8468545937097908 0.6299282954609727 0.37018067278945277 1.2512318947157286 0.4447481549119054 0.7851729482735397 0.31790892919381325 ]

Classification results
----------------------

	ACTUAL	 	PREDICTED
	------	 	---------
	2	|	2
	4	|	4
	2	|	2
	4	|	4
	2	|	2
	4	|	4
	4	|	2
	4	|	4
	4	|	4
	4	|	4
	4	|	4
	4	|	4
	4	|	4
	4	|	4
	4	|	4
	4	|	4
	4	|	4
	4	|	4
	4	|	4
	2	|	2
	2	|	2
	2	|	2
	2	|	2
	2	|	2
	2	|	2
	4	|	4
	2	|	2
	2	|	2
	4	|	4
	4	|	4
	2	|	2
	4	|	4
	2	|	2
	2	|	2
	4	|	4
	4	|	4
	4	|	2
	4	|	4
	2	|	2
	2	|	2
	2	|	2
	2	|	2
	4	|	4
	4	|	4
	2	|	2
	2	|	2
	2	|	2
	2	|	2
	2	|	2
	2	|	2
	2	|	2
	2	|	2
	2	|	2
	2	|	2
	2	|	2
	2	|	2
	2	|	2
	2	|	2
	2	|	2
	2	|	2
	4	|	4
	4	|	4
	2	|	2
	2	|	2
	2	|	2
	2	|	2
	4	|	4
	2	|	2
	4	|	4
	4	|	4
	4	|	4
	2	|	2
	2	|	2
	2	|	2
	2	|	2
	4	|	4
	2	|	2
	4	|	4
	4	|	4
	2	|	2
	2	|	2
	2	|	2
	2	|	2
	2	|	2
	2	|	2
	4	|	4
	2	|	2
	2	|	2
	2	|	2
	4	|	4
	2	|	2
	4	|	4
	2	|	2
	2	|	2
	2	|	2
	2	|	2
	2	|	2
	4	|	4
	2	|	2
	2	|	2
	2	|	2
	2	|	2
	4	|	4
	2	|	2
	2	|	2
	2	|	2
	2	|	2
	2	|	2
	2	|	2
	2	|	2
	2	|	2
	2	|	2
	4	|	4
	4	|	4
	4	|	4
	2	|	2
	2	|	2
	2	|	2
	2	|	2
	2	|	2
	2	|	2
	2	|	2
	2	|	2
	2	|	2
	4	|	4
	4	|	4
	2	|	2
	2	|	2
	2	|	2
	2	|	2
	2	|	2
	2	|	2
	2	|	2
	2	|	2
	2	|	2
	4	|	4
	2	|	2
	2	|	2
	2	|	2
	2	|	2
	4	|	4
	4	|	4
	4	|	4
--------------------------------
Classification accuracy: 98.6%


1 HIDDEN LAYERS - CROSS VALIDATION FOLD 5
=========================================

Weights of each node
--------------------
Hidden layer: 
Hidden node 1: [ -0.8828930291631689 -0.9621632133738703 -0.9555503665848238 -0.7487072812009753 -0.5763900152030274 -1.2971435829863824 -0.6544848296242193 -0.872380390489737 -0.30715042393134556 ]
Hidden node 2: [ -0.9272767844976963 -1.0137417877631334 -0.9956627465307143 -0.7891137004542951 -0.6111375638633196 -1.3829693496150683 -0.6823720576773011 -0.9228939588924098 -0.32207544250812054 ]
Output layer: 
Output node 1: [ 1.8119323267426057 1.9584067067081625 ]
Output node 2: [ -1.815280507377112 -1.9536799178587068 ]

Classification results
----------------------

	ACTUAL	 	PREDICTED
	------	 	---------
	2	|	2
	4	|	4
	2	|	2
	4	|	4
	2	|	2
	4	|	4
	4	|	2
	4	|	4
	4	|	4
	4	|	4
	4	|	4
	4	|	4
	4	|	4
	4	|	4
	4	|	4
	4	|	4
	4	|	4
	4	|	4
	4	|	4
	2	|	2
	2	|	2
	2	|	2
	2	|	2
	2	|	2
	2	|	2
	4	|	4
	2	|	2
	2	|	2
	4	|	4
	4	|	4
	2	|	2
	4	|	4
	2	|	2
	2	|	2
	4	|	4
	4	|	4
	4	|	2
	4	|	4
	2	|	2
	2	|	2
	2	|	2
	2	|	2
	4	|	4
	4	|	4
	2	|	2
	2	|	2
	2	|	2
	2	|	2
	2	|	2
	2	|	2
	2	|	2
	2	|	2
	2	|	2
	2	|	2
	2	|	2
	2	|	2
	2	|	2
	2	|	2
	2	|	2
	2	|	2
	4	|	4
	4	|	4
	2	|	2
	2	|	2
	2	|	2
	2	|	2
	4	|	4
	2	|	2
	4	|	4
	4	|	4
	4	|	4
	2	|	2
	2	|	2
	2	|	2
	2	|	2
	4	|	4
	2	|	2
	4	|	4
	4	|	4
	2	|	2
	2	|	2
	2	|	2
	2	|	2
	2	|	2
	2	|	2
	4	|	4
	2	|	2
	2	|	2
	2	|	2
	4	|	4
	2	|	2
	4	|	4
	2	|	2
	2	|	2
	2	|	2
	2	|	2
	2	|	2
	4	|	4
	2	|	2
	2	|	2
	2	|	2
	2	|	2
	4	|	4
	2	|	2
	2	|	2
	2	|	2
	2	|	2
	2	|	2
	2	|	2
	2	|	2
	2	|	2
	2	|	2
	4	|	4
	4	|	4
	4	|	4
	2	|	2
	2	|	2
	2	|	2
	2	|	2
	2	|	2
	2	|	2
	2	|	2
	2	|	2
	2	|	2
	4	|	4
	4	|	4
	2	|	2
	2	|	2
	2	|	2
	2	|	2
	2	|	2
	2	|	2
	2	|	2
	2	|	2
	2	|	2
	4	|	4
	2	|	2
	2	|	2
	2	|	2
	2	|	2
	4	|	4
	4	|	4
	4	|	4
--------------------------------
Classification accuracy: 98.6%


2 HIDDEN LAYERS - CROSS VALIDATION FOLD 5
=========================================

Weights of each node
--------------------
Hidden layer: 
Hidden node 1: [ -0.9538509272455832 -1.0109106523266536 -1.0327786734867659 -0.7738090781627003 -0.6363613742298492 -1.4313545847864677 -0.7234463163031531 -0.9123947599249119 -0.3495050037514725 ]
Hidden node 2: [ -1.0188294734197665 -1.0628554797975642 -1.0886797044219214 -0.8178261024294333 -0.6644536661867063 -1.5158568037826827 -0.7693269576652728 -0.9657657349469243 -0.37033186260249623 ]
Hidden layer: 
Hidden node 1: [ 2.807784185318725 3.025289248203402 ]
Hidden node 2: [ 0.8922697368870843 0.9852185027979614 ]
Output layer: 
Output node 1: [ 3.3464668967046216 0.44243791830873885 ]
Output node 2: [ -3.3494259587680246 -0.43676856412804593 ]

Classification results
----------------------

	ACTUAL	 	PREDICTED
	------	 	---------
	2	|	2
	4	|	4
	2	|	2
	4	|	4
	2	|	2
	4	|	4
	4	|	2
	4	|	4
	4	|	4
	4	|	4
	4	|	4
	4	|	4
	4	|	4
	4	|	4
	4	|	4
	4	|	4
	4	|	4
	4	|	4
	4	|	4
	2	|	2
	2	|	2
	2	|	2
	2	|	2
	2	|	2
	2	|	2
	4	|	4
	2	|	2
	2	|	2
	4	|	4
	4	|	4
	2	|	2
	4	|	4
	2	|	2
	2	|	2
	4	|	4
	4	|	4
	4	|	2
	4	|	4
	2	|	2
	2	|	2
	2	|	2
	2	|	2
	4	|	4
	4	|	4
	2	|	2
	2	|	2
	2	|	2
	2	|	2
	2	|	2
	2	|	2
	2	|	2
	2	|	2
	2	|	2
	2	|	2
	2	|	2
	2	|	2
	2	|	2
	2	|	2
	2	|	2
	2	|	2
	4	|	4
	4	|	4
	2	|	2
	2	|	2
	2	|	2
	2	|	2
	4	|	4
	2	|	2
	4	|	4
	4	|	4
	4	|	4
	2	|	2
	2	|	2
	2	|	2
	2	|	2
	4	|	4
	2	|	2
	4	|	4
	4	|	4
	2	|	2
	2	|	2
	2	|	2
	2	|	2
	2	|	2
	2	|	2
	4	|	4
	2	|	2
	2	|	2
	2	|	2
	4	|	4
	2	|	2
	4	|	4
	2	|	2
	2	|	2
	2	|	2
	2	|	2
	2	|	2
	4	|	4
	2	|	2
	2	|	2
	2	|	2
	2	|	2
	4	|	4
	2	|	2
	2	|	2
	2	|	2
	2	|	2
	2	|	2
	2	|	2
	2	|	2
	2	|	2
	2	|	2
	4	|	4
	4	|	4
	4	|	4
	2	|	2
	2	|	2
	2	|	2
	2	|	2
	2	|	2
	2	|	2
	2	|	2
	2	|	2
	2	|	2
	4	|	4
	4	|	4
	2	|	2
	2	|	2
	2	|	2
	2	|	2
	2	|	2
	2	|	2
	2	|	2
	2	|	2
	2	|	2
	4	|	4
	2	|	2
	2	|	2
	2	|	2
	2	|	2
	4	|	4
	4	|	4
	4	|	4
--------------------------------
Classification accuracy: 98.6%


 ------------------------------- 
| RADIAL BASIS FUNCTION NETWORK |
 ------------------------------- 

CROSS VALIDATION FOLD 1
=======================

Weights of each node
--------------------
Hidden node 1: [ -10.548451004680068 10.548251034292402 ]
Hidden node 2: [ 1.8753557620053627 -1.87051880280023 ]
Hidden node 3: [ 2.217314059993817 -2.235613112170454 ]
Hidden node 4: [ 1.4997738557148925 -1.4894526988346786 ]
Hidden node 5: [ 0.999776631788503 -0.9887307620011865 ]
Hidden node 6: [ 2.112604706490497 -2.124459635997743 ]

Classification results
----------------------

	ACTUAL	 	PREDICTED
	------	 	---------
	2	|	2
	2	|	2
	2	|	2
	2	|	4
	2	|	2
	2	|	2
	2	|	2
	2	|	2
	2	|	2
	2	|	2
	2	|	2
	2	|	2
	2	|	2
	2	|	2
	2	|	2
	2	|	2
	2	|	2
	2	|	4
	2	|	2
	2	|	2
	2	|	2
	2	|	2
	2	|	2
	2	|	2
	2	|	2
	2	|	2
	2	|	2
	2	|	2
	2	|	2
	2	|	2
	2	|	2
	2	|	2
	2	|	2
	2	|	2
	2	|	2
	2	|	2
	2	|	2
	2	|	2
	2	|	2
	2	|	2
	2	|	2
	2	|	2
	2	|	2
	2	|	2
	2	|	2
	2	|	2
	2	|	2
	2	|	2
	2	|	2
	2	|	2
	2	|	2
	2	|	2
	2	|	2
	2	|	2
	2	|	2
	2	|	2
	2	|	2
	2	|	2
	2	|	2
	2	|	2
	2	|	2
	2	|	2
	2	|	2
	2	|	2
	2	|	2
	2	|	2
	2	|	2
	2	|	2
	2	|	2
	2	|	2
	2	|	2
	2	|	2
	2	|	4
	2	|	2
	2	|	2
	2	|	2
	2	|	2
	2	|	2
	2	|	2
	2	|	2
	2	|	2
	2	|	2
	2	|	2
	2	|	2
	2	|	2
	2	|	2
	2	|	2
	2	|	2
	2	|	2
	2	|	2
	2	|	4
	4	|	4
	4	|	2
	4	|	2
	4	|	4
	4	|	4
	4	|	4
	4	|	4
	4	|	4
	4	|	4
	4	|	4
	4	|	4
	4	|	4
	4	|	2
	4	|	4
	4	|	4
	4	|	2
	4	|	2
	4	|	4
	4	|	2
	4	|	4
	4	|	4
	4	|	4
	4	|	4
	4	|	4
	4	|	4
	4	|	4
	4	|	2
	4	|	2
	4	|	4
	4	|	4
	4	|	4
	4	|	4
	4	|	4
	4	|	4
	4	|	4
	4	|	4
	4	|	4
	4	|	4
	4	|	4
	4	|	4
	4	|	4
	4	|	4
	4	|	4
	4	|	4
	4	|	4
	4	|	4
	4	|	4
	4	|	4
--------------------------------
Classification accuracy: 91.37%


CROSS VALIDATION FOLD 2
=======================

Weights of each node
--------------------
Hidden node 1: [ 4.87577036884044 -4.875616025056019 ]
Hidden node 2: [ -23.83165400920747 23.83122586351195 ]
Hidden node 3: [ -4.019022057405146 4.018870500123233 ]
Hidden node 4: [ -67.99971058566429 67.99855485396307 ]
Hidden node 5: [ 40.394513257070784 -40.393782810923035 ]
Hidden node 6: [ 72.12324815779688 -72.12208653992354 ]

Classification results
----------------------

	ACTUAL	 	PREDICTED
	------	 	---------
	2	|	4
	2	|	2
	2	|	2
	2	|	2
	2	|	2
	2	|	2
	2	|	2
	2	|	2
	2	|	2
	2	|	2
	2	|	2
	2	|	2
	2	|	2
	2	|	2
	2	|	2
	2	|	2
	2	|	2
	2	|	2
	2	|	2
	2	|	2
	2	|	2
	2	|	2
	2	|	2
	2	|	2
	2	|	2
	2	|	2
	2	|	2
	2	|	2
	2	|	2
	2	|	2
	2	|	2
	2	|	2
	2	|	2
	2	|	2
	2	|	2
	2	|	2
	2	|	2
	2	|	2
	2	|	2
	2	|	2
	2	|	2
	2	|	2
	2	|	2
	2	|	2
	2	|	2
	2	|	4
	2	|	2
	2	|	2
	2	|	2
	2	|	2
	2	|	4
	2	|	2
	2	|	2
	2	|	2
	2	|	2
	2	|	2
	2	|	2
	2	|	2
	2	|	2
	2	|	2
	2	|	2
	2	|	2
	2	|	2
	2	|	2
	2	|	2
	2	|	2
	2	|	2
	2	|	2
	2	|	2
	2	|	2
	2	|	2
	2	|	2
	2	|	2
	2	|	2
	2	|	2
	2	|	2
	2	|	2
	2	|	2
	2	|	2
	2	|	2
	2	|	2
	2	|	2
	2	|	2
	2	|	2
	2	|	2
	2	|	2
	2	|	2
	2	|	2
	2	|	2
	2	|	2
	2	|	2
	4	|	4
	4	|	4
	4	|	4
	4	|	4
	4	|	2
	4	|	4
	4	|	4
	4	|	2
	4	|	4
	4	|	2
	4	|	4
	4	|	4
	4	|	4
	4	|	4
	4	|	4
	4	|	4
	4	|	2
	4	|	4
	4	|	4
	4	|	4
	4	|	4
	4	|	4
	4	|	4
	4	|	4
	4	|	4
	4	|	4
	4	|	4
	4	|	4
	4	|	4
	4	|	4
	4	|	4
	4	|	4
	4	|	4
	4	|	4
	4	|	4
	4	|	4
	4	|	4
	4	|	4
	4	|	4
	4	|	4
	4	|	4
	4	|	4
	4	|	2
	4	|	4
	4	|	4
	4	|	4
	4	|	4
	4	|	4
--------------------------------
Classification accuracy: 94.24%


CROSS VALIDATION FOLD 3
=======================

Weights of each node
--------------------
Hidden node 1: [ 15.10696578419016 -15.106409730578191 ]
Hidden node 2: [ -47.54880564826278 47.54616652731924 ]
Hidden node 3: [ -5.87077997645934 5.872010085109158 ]
Hidden node 4: [ -55.08461744315077 55.090391448797675 ]
Hidden node 5: [ 15.168770090084603 -15.17746056562712 ]
Hidden node 6: [ 123.67615357809443 -123.67328217026107 ]

Classification results
----------------------

	ACTUAL	 	PREDICTED
	------	 	---------
	2	|	4
	2	|	2
	2	|	2
	2	|	2
	2	|	2
	2	|	2
	2	|	2
	2	|	2
	2	|	2
	2	|	2
	2	|	2
	2	|	2
	2	|	2
	2	|	2
	2	|	2
	2	|	2
	2	|	2
	2	|	2
	2	|	4
	2	|	2
	2	|	2
	2	|	2
	2	|	2
	2	|	2
	2	|	2
	2	|	2
	2	|	2
	2	|	2
	2	|	2
	2	|	2
	2	|	2
	2	|	2
	2	|	2
	2	|	2
	2	|	2
	2	|	2
	2	|	2
	2	|	2
	2	|	2
	2	|	2
	2	|	2
	2	|	2
	2	|	2
	2	|	2
	2	|	2
	2	|	2
	2	|	2
	2	|	2
	2	|	4
	2	|	2
	2	|	2
	2	|	2
	2	|	2
	2	|	2
	2	|	2
	2	|	2
	2	|	2
	2	|	2
	2	|	2
	2	|	2
	2	|	2
	2	|	2
	2	|	2
	2	|	2
	2	|	2
	2	|	2
	2	|	2
	2	|	2
	2	|	2
	2	|	2
	2	|	2
	2	|	2
	2	|	2
	2	|	4
	2	|	2
	2	|	2
	2	|	2
	2	|	2
	2	|	2
	2	|	2
	2	|	2
	2	|	2
	2	|	2
	2	|	2
	2	|	2
	2	|	2
	2	|	2
	2	|	2
	2	|	2
	2	|	2
	2	|	2
	4	|	4
	4	|	2
	4	|	4
	4	|	2
	4	|	4
	4	|	2
	4	|	4
	4	|	4
	4	|	4
	4	|	4
	4	|	4
	4	|	4
	4	|	4
	4	|	4
	4	|	4
	4	|	4
	4	|	4
	4	|	4
	4	|	4
	4	|	4
	4	|	4
	4	|	4
	4	|	4
	4	|	4
	4	|	4
	4	|	4
	4	|	4
	4	|	4
	4	|	4
	4	|	4
	4	|	4
	4	|	4
	4	|	4
	4	|	4
	4	|	4
	4	|	4
	4	|	4
	4	|	4
	4	|	4
	4	|	4
	4	|	4
	4	|	4
	4	|	4
	4	|	4
	4	|	4
	4	|	4
	4	|	4
	4	|	4
--------------------------------
Classification accuracy: 94.96%


CROSS VALIDATION FOLD 4
=======================

Weights of each node
--------------------
Hidden node 1: [ 10.659705422122437 -10.659590621062355 ]
Hidden node 2: [ -38.603533095659465 38.603193129794874 ]
Hidden node 3: [ -9.249877219883393 9.249755882395675 ]
Hidden node 4: [ -87.54214560506288 87.54123213053357 ]
Hidden node 5: [ 32.45778469782711 -32.45763348850056 ]
Hidden node 6: [ 126.20780508657595 -126.20655797178817 ]

Classification results
----------------------

	ACTUAL	 	PREDICTED
	------	 	---------
	2	|	2
	2	|	2
	2	|	2
	2	|	2
	2	|	2
	2	|	4
	2	|	2
	2	|	2
	2	|	2
	2	|	2
	2	|	2
	2	|	2
	2	|	2
	2	|	2
	2	|	2
	2	|	2
	2	|	2
	2	|	2
	2	|	2
	2	|	2
	2	|	2
	2	|	2
	2	|	2
	2	|	2
	2	|	2
	2	|	2
	2	|	2
	2	|	2
	2	|	2
	2	|	2
	2	|	2
	2	|	2
	2	|	2
	2	|	2
	2	|	2
	2	|	2
	2	|	2
	2	|	2
	2	|	2
	2	|	2
	2	|	2
	2	|	2
	2	|	2
	2	|	2
	2	|	2
	2	|	2
	2	|	2
	2	|	2
	2	|	2
	2	|	2
	2	|	2
	2	|	2
	2	|	2
	2	|	2
	2	|	2
	2	|	2
	2	|	2
	2	|	2
	2	|	2
	2	|	2
	2	|	2
	2	|	2
	2	|	2
	2	|	2
	2	|	2
	2	|	2
	2	|	2
	2	|	2
	2	|	2
	2	|	2
	2	|	2
	2	|	2
	2	|	2
	2	|	2
	2	|	2
	2	|	2
	2	|	2
	2	|	2
	2	|	2
	2	|	2
	2	|	2
	2	|	2
	2	|	2
	2	|	2
	2	|	2
	2	|	2
	2	|	2
	2	|	2
	2	|	2
	2	|	2
	2	|	2
	4	|	4
	4	|	4
	4	|	4
	4	|	4
	4	|	4
	4	|	4
	4	|	4
	4	|	4
	4	|	4
	4	|	4
	4	|	4
	4	|	4
	4	|	4
	4	|	4
	4	|	4
	4	|	2
	4	|	4
	4	|	4
	4	|	4
	4	|	2
	4	|	4
	4	|	4
	4	|	4
	4	|	4
	4	|	4
	4	|	4
	4	|	4
	4	|	4
	4	|	4
	4	|	4
	4	|	4
	4	|	4
	4	|	4
	4	|	4
	4	|	4
	4	|	4
	4	|	4
	4	|	4
	4	|	4
	4	|	4
	4	|	4
	4	|	4
	4	|	2
	4	|	4
	4	|	4
	4	|	4
	4	|	4
	4	|	4
--------------------------------
Classification accuracy: 97.12%


CROSS VALIDATION FOLD 5
=======================

Weights of each node
--------------------
Hidden node 1: [ 0.9312324908716876 -0.9318997226181934 ]
Hidden node 2: [ 0.59752626565757 -0.5946908762037442 ]
Hidden node 3: [ -3.574660547825984 3.5742640575617033 ]
Hidden node 4: [ -36.1944275316709 36.193851431183006 ]
Hidden node 5: [ 1.1517711641210238 -1.1510668643863835 ]
Hidden node 6: [ 31.22131653697459 -31.224866177369652 ]

Classification results
----------------------

	ACTUAL	 	PREDICTED
	------	 	---------
	2	|	2
	4	|	4
	2	|	2
	4	|	4
	2	|	2
	4	|	4
	4	|	2
	4	|	4
	4	|	4
	4	|	2
	4	|	4
	4	|	4
	4	|	4
	4	|	4
	4	|	4
	4	|	4
	4	|	4
	4	|	4
	4	|	4
	2	|	2
	2	|	2
	2	|	2
	2	|	2
	2	|	2
	2	|	2
	4	|	4
	2	|	2
	2	|	2
	4	|	4
	4	|	4
	2	|	2
	4	|	4
	2	|	2
	2	|	2
	4	|	4
	4	|	4
	4	|	2
	4	|	4
	2	|	2
	2	|	2
	2	|	2
	2	|	2
	4	|	4
	4	|	4
	2	|	2
	2	|	2
	2	|	2
	2	|	2
	2	|	2
	2	|	2
	2	|	2
	2	|	2
	2	|	2
	2	|	2
	2	|	2
	2	|	2
	2	|	2
	2	|	2
	2	|	2
	2	|	2
	4	|	4
	4	|	4
	2	|	2
	2	|	2
	2	|	2
	2	|	2
	4	|	4
	2	|	2
	4	|	4
	4	|	4
	4	|	4
	2	|	2
	2	|	2
	2	|	2
	2	|	2
	4	|	4
	2	|	2
	4	|	4
	4	|	4
	2	|	2
	2	|	2
	2	|	2
	2	|	2
	2	|	2
	2	|	2
	4	|	4
	2	|	2
	2	|	2
	2	|	2
	4	|	4
	2	|	2
	4	|	4
	2	|	2
	2	|	2
	2	|	2
	2	|	2
	2	|	2
	4	|	4
	2	|	2
	2	|	2
	2	|	2
	2	|	2
	4	|	4
	2	|	2
	2	|	2
	2	|	2
	2	|	2
	2	|	2
	2	|	2
	2	|	2
	2	|	2
	2	|	2
	4	|	2
	4	|	4
	4	|	4
	2	|	2
	2	|	2
	2	|	2
	2	|	2
	2	|	2
	2	|	2
	2	|	2
	2	|	2
	2	|	2
	4	|	4
	4	|	4
	2	|	2
	2	|	2
	2	|	2
	2	|	2
	2	|	2
	2	|	2
	2	|	2
	2	|	2
	2	|	2
	4	|	4
	2	|	2
	2	|	2
	2	|	2
	2	|	2
	4	|	2
	4	|	2
	4	|	4
--------------------------------
Classification accuracy: 95.8%

