Dataset: glass from UCI Machine Learning repository

 ---------------------------- 
| FEEDFORWARD NEURAL NETWORK |
 ---------------------------- 

0 HIDDEN LAYERS - CROSS VALIDATION FOLD 1
=========================================

Weights of each node
--------------------
Output layer: 
Output node 1: [ 0.764197644301167 -1.1827081451890775 3.0975438261638994 -3.868261739009266 -0.027113992720525525 -0.44698543509169814 -0.13903694916601506 -0.5347158753660839 -0.6506592362472875 ]
Output node 2: [ 0.6846085787528572 -2.795568484054822 0.8721257091894851 0.9221041690756919 -0.5953129843919868 -0.07472736098849239 0.6979334786643812 -0.9831372109768658 1.3015555106033256 ]
Output node 3: [ -0.6516494712139851 -0.352876869532599 0.6991060556175019 -1.0613194877234846 -1.0455063040599613 -0.2802974534037795 -0.5469714102557669 -0.3676413824103131 -0.32437637541567677 ]
Output node 4: [ -0.4620233861696188 -1.2215369380538104 -2.4155258405651594 0.7417962885661817 -0.6616026419283434 1.7715199155884296 0.27451552234944687 -1.2317667958539134 0.03985295254617111 ]
Output node 5: [ -0.8220704686279314 0.6443860150403479 -1.5524489635933754 -0.9870421563717583 0.09382530798301496 -0.539498119716588 -0.4977392718803994 -0.6335476935228009 -0.5831318781888015 ]
Output node 6: [ -1.5828728252875257 1.3206599921558937 -2.9750885905858087 2.448801695979532 0.537540266364066 -1.5452388463785516 -2.027203677685301 3.3642576134685482 -1.2695677722008736 ]

Classification results
----------------------

	ACTUAL	 	PREDICTED
	------	 	---------
	1	|	1
	1	|	1
	1	|	1
	1	|	1
	1	|	1
	1	|	2
	1	|	2
	1	|	1
	1	|	1
	1	|	1
	1	|	2
	1	|	1
	1	|	1
	1	|	1
	2	|	2
	2	|	2
	2	|	2
	2	|	2
	2	|	2
	2	|	2
	2	|	1
	2	|	2
	2	|	1
	2	|	2
	2	|	2
	2	|	2
	2	|	2
	2	|	2
	2	|	2
	3	|	1
	3	|	2
	3	|	2
	5	|	7
	5	|	2
	6	|	2
	7	|	7
	7	|	1
	7	|	7
	7	|	7
	7	|	7
--------------------------------
Classification accuracy: 70.0%


1 HIDDEN LAYERS - CROSS VALIDATION FOLD 1
=========================================

Weights of each node
--------------------
Hidden layer: 
Hidden node 1: [ 0.32012169008673913 0.21444471353193473 0.2281283380927406 0.19854746965653755 0.31728960777715876 -0.026827979130857178 0.37107567821180154 0.028071830484106764 0.24553000177959552 ]
Hidden node 2: [ 0.36175530556017615 0.14716268347600495 0.4855279091990384 0.11480745606797899 0.30008857068761025 -0.019793141124879756 0.3743758305771463 -0.059331552436918886 0.2578830863866659 ]
Hidden node 3: [ 0.3089595516233456 0.19943093638019638 -0.1338811255691875 0.2870773312049973 0.2743656469179635 -0.05163063911364266 0.4029827770248002 0.10103419385547244 0.338663798301648 ]
Hidden node 4: [ 5.346198629084435 -2.7027481407234286 7.05635581012187 -11.435938183658543 2.9031386358496474 -6.092111835170502 4.928864832726061 -0.6646381727314724 1.6459986310924513 ]
Hidden node 5: [ 0.35495559044887004 0.15893013746498721 0.4499812757304996 0.11554030716505802 0.3090779202085919 -0.025455627270477833 0.38864031868596316 -0.04379135935039315 0.26590170069519287 ]
Hidden node 6: [ 0.32526783448083246 0.21466521403673275 0.2181636729445048 0.2048790805246061 0.3057077719066652 -0.023955438262636134 0.3700726032945561 0.02861364361202405 0.24009184685618837 ]
Output layer: 
Output node 1: [ -2.4870164956249843 -2.172377190415245 -2.7721434330613772 15.615771791794076 -2.2205923785517054 -2.4975948911294004 ]
Output node 2: [ -0.2797081831128232 -0.19137987802423514 -0.26695183882988327 1.800758782371628 -0.19613263257531494 -0.28708257287525674 ]
Output node 3: [ -0.78057101493445 -0.7455392800895098 -0.8128758570832275 2.8737314256931388 -0.7496214593318348 -0.7893779649668005 ]
Output node 4: [ -0.2605856531625725 -0.28221782761680325 -0.22701806725620738 -1.6500688079224146 -0.2844916844154624 -0.24527178150741694 ]
Output node 5: [ -0.31605488182801733 -0.3344878916278468 -0.31731052394808146 -1.154949057147382 -0.3298988313237521 -0.32273526933920316 ]
Output node 6: [ 0.36680736958247323 0.177025781506175 0.4861649271226195 -10.492148752076451 0.1999556589716851 0.3642365828642898 ]

Classification results
----------------------

	ACTUAL	 	PREDICTED
	------	 	---------
	1	|	1
	1	|	2
	1	|	2
	1	|	2
	1	|	2
	1	|	2
	1	|	2
	1	|	2
	1	|	1
	1	|	1
	1	|	2
	1	|	2
	1	|	2
	1	|	2
	2	|	2
	2	|	2
	2	|	2
	2	|	2
	2	|	2
	2	|	7
	2	|	2
	2	|	7
	2	|	2
	2	|	2
	2	|	1
	2	|	2
	2	|	2
	2	|	1
	2	|	2
	3	|	1
	3	|	2
	3	|	2
	5	|	7
	5	|	2
	6	|	2
	7	|	7
	7	|	1
	7	|	7
	7	|	7
	7	|	7
--------------------------------
Classification accuracy: 45.0%


2 HIDDEN LAYERS - CROSS VALIDATION FOLD 1
=========================================

Weights of each node
--------------------
Hidden layer: 
Hidden node 1: [ 0.5676941585012931 -0.7933418817457936 1.7982247800264417 -2.8158562033185 0.14134555497353263 -0.39264766440568116 1.1542810842843434 -0.8947693583620926 0.223439194787725 ]
Hidden node 2: [ 0.6480085104382106 -0.788403712173254 1.614080717486038 -2.6132190412369405 0.058645140618810904 -0.35817854219744644 1.1889372150547257 -0.8644992286909711 0.36624930749095597 ]
Hidden node 3: [ -0.03395576388116561 -0.628424490052517 2.4440012102375155 -3.1299633745810844 0.5551145729961907 -0.3514777262849148 0.6011392859478539 -0.9760198446532318 -0.8616904359553503 ]
Hidden node 4: [ -0.1302654623566835 -0.5741733541176636 2.6661831500655784 -3.323310808677404 0.7065146362852557 -0.37218605136642724 0.5293623240531893 -0.9935284847891654 -1.1792662581208082 ]
Hidden node 5: [ 0.3688044787627053 -0.7504482500530285 1.9278651150422412 -2.8233725814959927 0.21274184163049 -0.36170158406247355 0.9519095712859111 -0.9017292908360517 -0.02671457258959885 ]
Hidden node 6: [ 1.0403347540985097 -0.9771424135439528 1.4498416627700956 -2.8461661796777813 -0.09794191148627385 -0.4704377190658568 1.6363835978388386 -0.8660528170597332 0.7837378822329403 ]
Hidden layer: 
Hidden node 1: [ 2.625123908342073 2.501624214428251 2.425081273391518 2.4128284893050154 2.5269437411559084 3.0198329238227353 ]
Hidden node 2: [ 2.14365350030145 1.9210960519794624 2.920799157952127 3.2949907673424605 2.217413230908333 1.9560879138768117 ]
Hidden node 3: [ 0.3145085934731855 0.31124576884028804 0.3246874163810022 0.3386735709624003 0.3205904099850314 0.3371398344231364 ]
Hidden node 4: [ 0.08115555306950374 0.08896778118388879 0.07593693464850212 0.07922636864412619 0.08963665346237605 0.06185250242518165 ]
Hidden node 5: [ -0.14864265987899866 -0.14284933878974876 -0.16929060760661324 -0.20157272733617373 -0.15438953614578071 -0.17225596255351255 ]
Hidden node 6: [ -1.0850495936636928 -1.0338499063921418 -1.1089421641699944 -1.1606776514525379 -1.055449019842927 -1.2077098591220203 ]
Output layer: 
Output node 1: [ 4.631792803891676 3.3208686549710027 -0.4313537166961769 -1.651857923041951 -1.9561134404400466 -2.493496234987594 ]
Output node 2: [ 4.89301164299736 -4.2634382631077 -0.34873123227757447 -0.6765587668063086 -0.7010927207610343 -0.7405225999167427 ]
Output node 3: [ 1.1641144408884876 0.8934988228051759 -0.4963624186609495 -0.9187824342637285 -0.9953472091857704 -1.2513244694297168 ]
Output node 4: [ -0.8239206541634563 -1.9759710573500702 -0.3364047765353244 -0.2786677605681815 -0.2472486973779891 -0.17027004853216798 ]
Output node 5: [ -0.4358821682139486 -1.4436126099102797 -0.41355951201078667 -0.46022298759296254 -0.4313161792405049 -0.38054703414619334 ]
Output node 6: [ -6.102114500151846 -2.3226440973283973 -0.8644612008309182 0.23275034957964594 0.5178976976566041 1.3413327436486693 ]

Classification results
----------------------

	ACTUAL	 	PREDICTED
	------	 	---------
	1	|	1
	1	|	2
	1	|	1
	1	|	1
	1	|	2
	1	|	2
	1	|	2
	1	|	1
	1	|	1
	1	|	1
	1	|	2
	1	|	1
	1	|	1
	1	|	1
	2	|	2
	2	|	2
	2	|	2
	2	|	2
	2	|	2
	2	|	2
	2	|	1
	2	|	7
	2	|	2
	2	|	2
	2	|	1
	2	|	2
	2	|	2
	2	|	1
	2	|	2
	3	|	1
	3	|	1
	3	|	2
	5	|	7
	5	|	2
	6	|	2
	7	|	7
	7	|	1
	7	|	7
	7	|	7
	7	|	7
--------------------------------
Classification accuracy: 60.0%


0 HIDDEN LAYERS - CROSS VALIDATION FOLD 2
=========================================

Weights of each node
--------------------
Output layer: 
Output node 1: [ 1.2628301948440583 -1.412263675706419 3.3984525278682325 -4.53335771272369 -0.04747796308571581 -0.6363255429782078 0.2610701048323858 -0.6814024833234232 -1.1782913703392675 ]
Output node 2: [ -1.261660250201279 -2.035227464216027 1.9865072667220989 1.8173976750187266 -0.12113340288740841 -0.37876625473775444 -1.1042065227644076 -1.3874379096694265 1.2362930542824953 ]
Output node 3: [ -0.595736803428559 -0.43642394507385734 0.6985184203470794 -1.1737575822936825 -1.1118643184249948 -0.35831042470897834 -0.43410585418181874 -0.4541207816347251 0.10660515062230416 ]
Output node 4: [ -0.1748403232391604 -1.6926880937476863 -2.4971543034173083 1.17412657110269 -1.0998570860045704 2.0493220468766706 0.6646911325989082 -1.3633013878491145 0.5229123107421666 ]
Output node 5: [ -0.8631838033638028 1.0821352746319017 -1.91755483613348 -1.3196093048452429 0.3575415800501789 -0.744772544944944 -0.37668957850345686 -1.044742757864227 -0.7448930387470994 ]
Output node 6: [ -1.4052767308716476 1.605268161329822 -3.576003342317642 1.641028623640677 1.1217200664554832 -1.5579735198139528 -2.031966429711064 3.2990829615223687 -1.2476955164632102 ]

Classification results
----------------------

	ACTUAL	 	PREDICTED
	------	 	---------
	1	|	1
	1	|	2
	1	|	2
	1	|	2
	1	|	1
	1	|	1
	1	|	1
	1	|	1
	1	|	2
	1	|	2
	1	|	1
	1	|	1
	1	|	1
	1	|	1
	2	|	2
	2	|	2
	2	|	2
	2	|	2
	2	|	2
	2	|	2
	2	|	1
	2	|	1
	2	|	2
	2	|	1
	2	|	5
	2	|	5
	2	|	6
	2	|	5
	2	|	2
	3	|	1
	3	|	1
	3	|	1
	5	|	2
	5	|	5
	6	|	1
	7	|	2
	7	|	7
	7	|	7
	7	|	7
	7	|	7
--------------------------------
Classification accuracy: 55.0%


1 HIDDEN LAYERS - CROSS VALIDATION FOLD 2
=========================================

Weights of each node
--------------------
Hidden layer: 
Hidden node 1: [ 0.25862521159467866 0.157959557459019 0.5198364877378587 0.2294285106463275 0.3397856755595981 0.03602157991671694 0.28842333462508424 -0.05611809919988504 0.16904271480031266 ]
Hidden node 2: [ 0.2187027836841972 0.20805413333091713 0.28662470225214076 0.32858671351601104 0.3539296840426789 0.04364562831365322 0.28407090546886693 0.022068636155375222 0.17446765168388528 ]
Hidden node 3: [ 0.2556542213806808 0.15921519098081785 0.5101899684853485 0.23669587340000214 0.33983539956931 0.03851987544068704 0.28178797905178904 -0.04725914116436873 0.17824994449262765 ]
Hidden node 4: [ 2.530189746932378 -5.162524645341541 3.9918182217197007 -6.111558309856619 -1.110204442685652 3.084975918020594 4.240451726250296 -5.28970775092049 -0.2387597946866199 ]
Hidden node 5: [ 0.2321381097619232 0.19067851232457542 0.30799125246034653 0.3091146561687667 0.3466309804925343 0.04713949325675707 0.2876138702747887 0.003962727292405054 0.15818277401466735 ]
Hidden node 6: [ 0.22649934758011353 0.18813024599904862 0.2980534169748831 0.3269843867123508 0.34584706260280734 0.04859188227510345 0.28601679784396955 0.013636210691996659 0.18473929617058785 ]
Output layer: 
Output node 1: [ -2.12652079259428 -2.3882008242926696 -2.142491939810798 14.471570512019502 -2.351898719636301 -2.3772567227302037 ]
Output node 2: [ -0.2516537431893559 -0.34021657017933493 -0.24465064738921302 1.9751976038005024 -0.33678961727144896 -0.32252618754606066 ]
Output node 3: [ -0.8495270167796279 -0.8964563059874034 -0.8607609024558215 3.584900018545479 -0.8702185031562736 -0.8804354507107766 ]
Output node 4: [ -0.33112494066558956 -0.30015920035687627 -0.33123283148879534 -0.9239341680606038 -0.28044501548601475 -0.2852906393832701 ]
Output node 5: [ -0.30289586388735906 -0.29262484268053207 -0.29400312958655644 -1.415821020693853 -0.2879851886972033 -0.298098850023935 ]
Output node 6: [ 0.21292139338411367 0.38079133379145197 0.22131908130286013 -13.097146939708335 0.36681878704041637 0.3594929544317035 ]

Classification results
----------------------

	ACTUAL	 	PREDICTED
	------	 	---------
	1	|	2
	1	|	2
	1	|	2
	1	|	2
	1	|	1
	1	|	1
	1	|	1
	1	|	1
	1	|	1
	1	|	2
	1	|	1
	1	|	2
	1	|	1
	1	|	1
	2	|	2
	2	|	2
	2	|	2
	2	|	2
	2	|	2
	2	|	2
	2	|	2
	2	|	2
	2	|	2
	2	|	1
	2	|	2
	2	|	1
	2	|	2
	2	|	1
	2	|	1
	3	|	2
	3	|	1
	3	|	2
	5	|	2
	5	|	2
	6	|	2
	7	|	7
	7	|	7
	7	|	7
	7	|	7
	7	|	7
--------------------------------
Classification accuracy: 60.0%


2 HIDDEN LAYERS - CROSS VALIDATION FOLD 2
=========================================

Weights of each node
--------------------
Hidden layer: 
Hidden node 1: [ 0.724569379792074 -0.8401589124507397 1.7203884979407629 -2.1038914160841435 -0.21775134364204812 -0.4649855488815104 1.4681524642825508 -1.5596094213221874 0.5424821154988702 ]
Hidden node 2: [ 0.30141395721805436 -0.6748121965348917 2.0809643235598148 -2.545874566279134 0.1668525430591436 -0.46577123829462996 1.0397056472678785 -1.5518244612534917 -0.6268852077692847 ]
Hidden node 3: [ 0.23650409016835372 -0.6085684166118028 2.1657559504639172 -2.754177134098659 0.29676295522610074 -0.48934303913811605 0.9784501622400542 -1.5655994940204272 -1.0751315269725457 ]
Hidden node 4: [ 0.8026008025391996 -0.9131114370133899 1.6417789762622146 -1.9944214981251853 -0.33323328667305047 -0.40387823482066654 1.5123526614938978 -1.5570595989226055 0.6787182942977016 ]
Hidden node 5: [ 0.2451848198583056 -0.6132693823773577 2.0878983778020834 -2.6052353264363695 0.23037015286819668 -0.4791210019099435 0.9788499917124304 -1.5567517597970826 -0.7905992475647933 ]
Hidden node 6: [ 0.21605940135724241 -0.5678220255012031 2.0765038664892828 -2.6401764739349463 0.29860035395547785 -0.4438281002961752 0.905766606961975 -1.4915404834862367 -1.111126347801724 ]
Hidden layer: 
Hidden node 1: [ 2.673862624117602 2.5032876260838925 2.477466700951534 2.724790070596731 2.4515192625370497 2.2607101034794064 ]
Hidden node 2: [ 2.068914502006504 2.547175969977662 2.8477409445748 1.9666301439684652 2.6199352780607974 2.7485603035847492 ]
Hidden node 3: [ 0.21660892208187557 0.23442977546938767 0.2439132484834638 0.21468882280596024 0.22052217474455568 0.21576244808485656 ]
Hidden node 4: [ 0.04681109487662424 0.05368269067464586 0.05492226518955417 0.031123110027446593 0.05071936759869892 0.04907196535751736 ]
Hidden node 5: [ -0.08730341318928778 -0.07435113711724683 -0.07223350823249193 -0.10121146572045386 -0.06752462123961686 -0.0721387609181075 ]
Hidden node 6: [ -0.918984568348345 -0.844851403653288 -0.853672875015049 -0.9412238769939943 -0.8368217929732161 -0.8200704270357224 ]
Output layer: 
Output node 1: [ 4.218078980135692 3.6446666072068776 -0.7456614724772707 -1.368539176967394 -1.5423550306639977 -1.943233291756707 ]
Output node 2: [ 4.882982390793335 -4.272828920554413 -0.5441852971381305 -0.807257418878904 -0.8287385407680438 -0.5244886837267319 ]
Output node 3: [ 1.2806462288197022 0.832839425429885 -0.6847356655199055 -0.8572494277233945 -0.8871119505895964 -1.0725231506982829 ]
Output node 4: [ -0.9616063446552267 -2.1745060291676848 -0.3532197555345943 -0.29494219783858455 -0.25879965999746984 0.016109068511448183 ]
Output node 5: [ -0.34947926698694454 -1.9264392030669246 -0.45810554403957393 -0.44673162744278083 -0.42674328056311417 -0.30258624852132227 ]
Output node 6: [ -5.716912650926604 -2.7672674613731214 -0.30746393512501524 0.31894968847812016 0.487901052752439 0.957257686175953 ]

Classification results
----------------------

	ACTUAL	 	PREDICTED
	------	 	---------
	1	|	2
	1	|	2
	1	|	2
	1	|	2
	1	|	1
	1	|	1
	1	|	1
	1	|	2
	1	|	2
	1	|	2
	1	|	1
	1	|	2
	1	|	1
	1	|	1
	2	|	2
	2	|	2
	2	|	2
	2	|	2
	2	|	2
	2	|	2
	2	|	2
	2	|	2
	2	|	2
	2	|	1
	2	|	2
	2	|	2
	2	|	2
	2	|	2
	2	|	2
	3	|	2
	3	|	1
	3	|	2
	5	|	2
	5	|	2
	6	|	2
	7	|	7
	7	|	7
	7	|	7
	7	|	7
	7	|	7
--------------------------------
Classification accuracy: 62.5%


0 HIDDEN LAYERS - CROSS VALIDATION FOLD 3
=========================================

Weights of each node
--------------------
Output layer: 
Output node 1: [ 0.37074867026831954 -0.9273889836236513 2.197667287443433 -2.0681882475754296 -0.23482606755705634 -0.2849858615426624 -0.2828923183545762 -0.61149522970339 -0.3859043641176672 ]
Output node 2: [ -0.09179419200040774 -1.1923212050622998 0.6267706586866555 0.13867206794713735 -0.33348572293167605 0.06758744193086835 0.2591867395805303 -1.1913140309623125 0.7516777798373736 ]
Output node 3: [ -0.40904333741962856 -0.44143473676583356 -0.019303599912991968 -0.736579421028498 -0.7942171127503745 -0.18867441257952328 -0.43585079305464075 -0.23123018611316015 -0.08653183739365719 ]
Output node 4: [ -0.3222716029627138 -0.7192277733728906 -1.5598833577894833 0.3514836358872458 -0.8111600430438957 0.8398249647597944 -0.12990678809137654 -0.192240815319869 -0.060924023363821175 ]
Output node 5: [ -0.5137049253970523 -0.19980168577963714 -1.15035473001999 -0.6297207110527097 -0.4072790275533929 -0.2637584380830022 -0.39590293431511037 -0.23867205672255767 -0.3389098658148746 ]
Output node 6: [ -0.7015569324554745 0.8717441161558194 -2.6461881472188713 1.2009248277404552 0.11201477021986855 -0.792226520342158 -0.9525560077188526 2.4725472889040283 -0.578764485312899 ]

Classification results
----------------------

	ACTUAL	 	PREDICTED
	------	 	---------
	1	|	1
	1	|	1
	1	|	2
	1	|	1
	1	|	1
	1	|	1
	1	|	1
	1	|	1
	1	|	2
	1	|	2
	1	|	1
	1	|	1
	1	|	2
	1	|	2
	2	|	2
	2	|	1
	2	|	2
	2	|	2
	2	|	2
	2	|	7
	2	|	2
	2	|	1
	2	|	2
	2	|	2
	2	|	1
	2	|	1
	2	|	1
	2	|	1
	2	|	2
	3	|	1
	3	|	1
	3	|	1
	5	|	2
	5	|	7
	6	|	2
	7	|	2
	7	|	7
	7	|	7
	7	|	2
	7	|	7
--------------------------------
Classification accuracy: 50.0%


1 HIDDEN LAYERS - CROSS VALIDATION FOLD 3
=========================================

Weights of each node
--------------------
Hidden layer: 
Hidden node 1: [ 0.15665902482324962 0.20226348482004008 0.3163561969680074 0.17163924833331023 0.2574459731316335 0.03877757814834006 0.1724644879710068 0.004829082166936898 0.08764893362652453 ]
Hidden node 2: [ 0.170597635438787 0.19079156124806088 0.3771643193876586 0.15938054796983583 0.23871800921414024 0.02333466617155379 0.16805156247568367 -0.008437423389489438 0.07930027716141215 ]
Hidden node 3: [ 0.9943992131908054 -1.401327636271254 2.75931105934504 -3.9313811308258853 0.25646283030333544 2.4691598373620303 1.131864049330855 -6.072765296532341 0.12296262870017047 ]
Hidden node 4: [ 0.15974832502850006 0.20524117463870348 0.3030204413125538 0.18048547937611026 0.24495991523413949 0.03783364687864773 0.18431947852296104 0.01177504548108966 0.07223663526756119 ]
Hidden node 5: [ 0.1749644799950919 0.18707715427095656 0.3644342697019765 0.16045577477390024 0.2538993712719974 0.02998810343008057 0.1695529502940526 -0.00957839027545344 0.08992496552383385 ]
Hidden node 6: [ 0.18517465820383777 0.14925927881717238 0.5124239655309771 0.08372383423998535 0.23575545340183668 0.01695785619451943 0.16446163227334035 -0.07885330060274752 0.08602506926438247 ]
Output layer: 
Output node 1: [ -1.0736241739912056 -1.00845985657089 7.022266029768778 -1.0896766393529635 -1.0154283741471275 -0.839426097968316 ]
Output node 2: [ -0.3253350787680555 -0.3027681662122327 2.075148758753935 -0.3352230822094107 -0.3016258071106064 -0.2449311721100035 ]
Output node 3: [ -0.567920147035977 -0.5497062447669439 1.461974274323049 -0.5579301093845443 -0.5543988348243544 -0.5499856267365272 ]
Output node 4: [ -0.2773257755342934 -0.2927547334895696 -1.2483258327689957 -0.27468275491572786 -0.27891751873725945 -0.3194972153131804 ]
Output node 5: [ -0.3528876083889471 -0.3724257792392892 -0.8996619646001728 -0.3593943472779516 -0.37047356185602054 -0.38014306138109427 ]
Output node 6: [ 0.3520022311576003 0.3303521752681122 -8.01426720478364 0.3612794956656662 0.3374574438919463 0.21071016409176627 ]

Classification results
----------------------

	ACTUAL	 	PREDICTED
	------	 	---------
	1	|	1
	1	|	1
	1	|	2
	1	|	2
	1	|	1
	1	|	2
	1	|	1
	1	|	2
	1	|	1
	1	|	1
	1	|	1
	1	|	1
	1	|	2
	1	|	2
	2	|	2
	2	|	2
	2	|	2
	2	|	1
	2	|	1
	2	|	7
	2	|	2
	2	|	1
	2	|	1
	2	|	2
	2	|	1
	2	|	2
	2	|	1
	2	|	1
	2	|	2
	3	|	1
	3	|	1
	3	|	2
	5	|	2
	5	|	2
	6	|	2
	7	|	2
	7	|	7
	7	|	7
	7	|	2
	7	|	7
--------------------------------
Classification accuracy: 45.0%


2 HIDDEN LAYERS - CROSS VALIDATION FOLD 3
=========================================

Weights of each node
--------------------
Hidden layer: 
Hidden node 1: [ 0.380889484377879 -0.6537119735997992 1.2694695702007706 -1.0401570722866549 -0.02542486739644237 0.13853232693289047 0.44334537048144324 -1.2930232344538082 0.20197589696286947 ]
Hidden node 2: [ 0.35572832735973603 -0.6029636793302728 1.1870736795404722 -0.9693956696445671 -0.03018174642854824 0.12701573997268456 0.3979686047011514 -1.1894827678463864 0.19850926627036636 ]
Hidden node 3: [ 0.33526461535712915 -0.5848465566051456 1.1477169528945554 -0.9176602304644144 -0.02631352828368817 0.11733788178482919 0.3771501573894084 -1.140829167540956 0.17721507329143146 ]
Hidden node 4: [ 0.3733514981490258 -0.6262333025679978 1.2296583216644563 -1.0084279168478145 -0.027842556772233427 0.14142167929283342 0.42607806781808494 -1.2374913565516539 0.209539262743451 ]
Hidden node 5: [ 0.38810579361519276 -0.6521893643064871 1.279234598090699 -1.0431033802361176 -0.01487222160641906 0.13413453189507193 0.4367670337019603 -1.2852786313482392 0.2192241957960368 ]
Hidden node 6: [ 0.33591862439549325 -0.5836510573299543 1.1547681173724327 -0.9299839376359642 -0.023062559823627243 0.11687421434572162 0.3896923743642696 -1.1386766464760754 0.1836244543507152 ]
Hidden layer: 
Hidden node 1: [ 1.9255210849729303 1.7637728147718943 1.6783635147766018 1.8472340778309027 1.930539349660036 1.687695881943454 ]
Hidden node 2: [ 0.9870115928475839 0.8929082025269818 0.8510402968642398 0.9411929938347185 0.9855976785449587 0.8524915692162999 ]
Hidden node 3: [ 0.22848488457965188 0.21746799228502334 0.2034497646590797 0.21476763616362193 0.2194006843397087 0.21853337304294623 ]
Hidden node 4: [ 0.10268838147509288 0.11173095375426123 0.11420480179090195 0.11905998927366772 0.11550574495626255 0.11743091086330133 ]
Hidden node 5: [ 0.017193471122934734 0.021127876577595923 0.033006112621559856 0.012300223060368256 0.00679771563372356 0.019772453703095785 ]
Hidden node 6: [ -0.19040674749152414 -0.16951306554589518 -0.14724592385699 -0.18478537546579182 -0.19004355138374926 -0.159501404055946 ]
Output layer: 
Output node 1: [ 3.412341787964917 1.4028542881379882 -0.43061980537932537 -0.7752470860561584 -0.9413603672099139 -1.0993462268132657 ]
Output node 2: [ 1.4960792390728257 0.43499116780879665 -0.17394035874979522 -0.32809853304057573 -0.4286802710093559 -0.49569569243796546 ]
Output node 3: [ 0.4002534528218137 0.01020845516260867 -0.43598182645499006 -0.5106848033350612 -0.5255011315094411 -0.5509700217780126 ]
Output node 4: [ -1.0254040012569359 -0.6747809214723602 -0.32637998611420954 -0.2896870912404527 -0.2589093336083944 -0.23306057588788714 ]
Output node 5: [ -0.6700593039602919 -0.5438743037464594 -0.43365887990439234 -0.4199208112164116 -0.39764254806591603 -0.39562360064152285 ]
Output node 6: [ -4.146150478897835 -2.0161353190344693 -0.0680701103047059 0.29881153051176873 0.44892986804414947 0.5998912785124247 ]

Classification results
----------------------

	ACTUAL	 	PREDICTED
	------	 	---------
	1	|	1
	1	|	1
	1	|	2
	1	|	1
	1	|	1
	1	|	1
	1	|	1
	1	|	2
	1	|	1
	1	|	1
	1	|	1
	1	|	1
	1	|	2
	1	|	2
	2	|	2
	2	|	2
	2	|	2
	2	|	1
	2	|	1
	2	|	7
	2	|	2
	2	|	1
	2	|	1
	2	|	1
	2	|	1
	2	|	2
	2	|	1
	2	|	1
	2	|	2
	3	|	1
	3	|	1
	3	|	2
	5	|	2
	5	|	7
	6	|	2
	7	|	2
	7	|	7
	7	|	7
	7	|	2
	7	|	7
--------------------------------
Classification accuracy: 47.5%


0 HIDDEN LAYERS - CROSS VALIDATION FOLD 4
=========================================

Weights of each node
--------------------
Output layer: 
Output node 1: [ 1.4708426760639663 -1.8235104959363326 4.135556563623748 -5.275502597988685 0.8230212653636815 -0.7932803050100474 -0.3306765602454846 -0.6394222121783976 -0.8601357371316722 ]
Output node 2: [ -0.2162846965878992 -3.546685037544072 1.1951385283770837 1.589679796834396 -0.6035251748857727 -0.16315594222000046 0.7800591603745635 -1.3689861101039034 1.1308280462951383 ]
Output node 3: [ -0.9989556376778783 -0.36018509876001154 1.0705973789196233 -1.127583272231672 -1.4143718923697093 -0.3605734831856821 -0.4942399809635682 -0.6576647900965504 0.13753359482813018 ]
Output node 4: [ -0.37725552752863006 -1.8287567899014596 -2.4167202743125737 1.6547963293231238 -1.0043032582678926 1.8021564593243053 0.7823735561700418 -1.903395833745492 -0.14878981451740939 ]
Output node 5: [ -1.1516044276628337 2.0477563680667488 -2.1680774473133515 -1.7230635018473464 0.4797021292642914 -1.0263121386137912 -0.42891804680977946 -1.8536906729697833 -1.0979476091961402 ]
Output node 6: [ -1.6593409071949174 1.928393255681436 -2.719022170113272 2.4699772410544876 0.5344966450747635 -1.2710213951770557 -3.091146665975681 4.730453496054677 -2.063839859374541 ]

Classification results
----------------------

	ACTUAL	 	PREDICTED
	------	 	---------
	1	|	1
	1	|	1
	1	|	2
	1	|	1
	1	|	2
	1	|	1
	1	|	2
	1	|	2
	1	|	1
	1	|	1
	1	|	1
	1	|	1
	1	|	1
	1	|	1
	2	|	2
	2	|	2
	2	|	1
	2	|	2
	2	|	2
	2	|	2
	2	|	2
	2	|	2
	2	|	5
	2	|	2
	2	|	2
	2	|	2
	2	|	2
	2	|	1
	2	|	2
	3	|	1
	3	|	1
	3	|	2
	5	|	5
	5	|	5
	6	|	2
	7	|	7
	7	|	7
	7	|	7
	7	|	7
	7	|	7
--------------------------------
Classification accuracy: 72.5%


1 HIDDEN LAYERS - CROSS VALIDATION FOLD 4
=========================================

Weights of each node
--------------------
Hidden layer: 
Hidden node 1: [ 0.19662790872407743 0.23932245125985296 0.3607074077367551 0.2355180174254025 0.357980327398524 0.022705119452379453 0.23838417489500444 0.02266196641298993 0.21735769893196752 ]
Hidden node 2: [ 0.22810192784795602 0.17490409875183383 0.6238025629899469 0.13620233282709662 0.339081943931415 0.030883512951276917 0.24697209046050358 -0.07410024352485832 0.22328434271293343 ]
Hidden node 3: [ 0.2485196307572046 0.1690410264410655 0.6329508592293435 0.14179830855795553 0.3345472871744205 0.033504778606892355 0.2587470890143266 -0.09944692710833807 0.2302399964799555 ]
Hidden node 4: [ 0.19435192540323132 0.2600062082626557 0.3261126504624148 0.2577017914036735 0.35348268215002443 0.019266132465640892 0.2372110538323871 0.030457861297113916 0.22228959230415796 ]
Hidden node 5: [ 0.21517705059603726 0.22914695099537824 0.4125263294151818 0.21482718081377802 0.35564437748615246 0.033170206274205936 0.2517052591526834 -9.775731866372894E-4 0.22551130635856867 ]
Hidden node 6: [ 3.326531252281659 0.15178595388430463 7.056969379259837 -6.288428048484438 4.158061685569852 -5.470524527197819 3.3049701492686716 -8.055810526917954 1.5069450129787318 ]
Output layer: 
Output node 1: [ -2.2741867580717137 -1.9496309762385722 -1.9408911947389629 -2.322043101279827 -2.2254508889636937 14.497015313342303 ]
Output node 2: [ -0.3148819535433104 -0.2095345235929665 -0.18960705943851408 -0.33927722514501146 -0.28739944346213786 1.4663454847272133 ]
Output node 3: [ -0.7757586009345367 -0.7434913258121905 -0.7334724099474204 -0.7679902697383134 -0.764571517747607 2.7508905174833704 ]
Output node 4: [ -0.20183846284486728 -0.24717340159050413 -0.24992772315318346 -0.2156676347699574 -0.22188705886488422 -1.6747251257307756 ]
Output node 5: [ -0.36313892646035867 -0.40208404397316194 -0.40171310819291023 -0.362775483189239 -0.3805486080858707 -0.694134913357361 ]
Output node 6: [ 0.3624904898054474 0.15935371256174155 0.13139175478795956 0.37254544676109785 0.3096118906035996 -12.481687991660634 ]

Classification results
----------------------

	ACTUAL	 	PREDICTED
	------	 	---------
	1	|	1
	1	|	1
	1	|	1
	1	|	1
	1	|	1
	1	|	1
	1	|	1
	1	|	1
	1	|	1
	1	|	1
	1	|	1
	1	|	1
	1	|	1
	1	|	1
	2	|	1
	2	|	1
	2	|	1
	2	|	2
	2	|	2
	2	|	1
	2	|	1
	2	|	2
	2	|	2
	2	|	1
	2	|	1
	2	|	1
	2	|	1
	2	|	1
	2	|	2
	3	|	1
	3	|	1
	3	|	2
	5	|	7
	5	|	7
	6	|	2
	7	|	7
	7	|	7
	7	|	7
	7	|	7
	7	|	7
--------------------------------
Classification accuracy: 60.0%


2 HIDDEN LAYERS - CROSS VALIDATION FOLD 4
=========================================

Weights of each node
--------------------
Hidden layer: 
Hidden node 1: [ 0.9162908640509192 -0.47195300446064453 1.8798697777365092 -1.8563973941817185 0.5155562782025761 -0.8600978271795112 1.0028138416111974 -1.8162434118831299 0.2128788979382939 ]
Hidden node 2: [ 0.912112577335341 -0.4622047957715088 2.0000366692256937 -1.963802435471696 0.5736641575396134 -0.896310927686393 0.9795892594164541 -1.8675577152571414 0.126092312991721 ]
Hidden node 3: [ 0.8102488675229883 -0.42544170962066974 2.3756584376609773 -2.2186382304754115 0.7376123718764013 -0.9715679729194782 0.8144958257732333 -1.9503667619898768 -0.15819249699516985 ]
Hidden node 4: [ 0.9498764680544473 -0.47991114707003485 2.063924723301531 -2.034930954087282 0.5984208556172823 -0.947350782971179 1.0336390879762456 -1.9319583791303951 0.2281318912404388 ]
Hidden node 5: [ 0.6507090002035969 -0.37211402289694456 2.3514036003879846 -2.1287495254708615 0.738498273801486 -0.8762360025594249 0.6022782550379515 -1.7523663006608161 -0.7360468035093422 ]
Hidden node 6: [ 1.0146544367780006 -0.44494844940065287 2.3146826467408164 -2.2930583567215432 0.7088003326757432 -1.0686291505949752 1.0784812028435224 -2.1068752458802047 0.3047150226314896 ]
Hidden layer: 
Hidden node 1: [ 2.5536659858379136 2.6378859490168964 2.831022794924727 2.7736433677328955 2.4320654082180306 3.1027423421950977 ]
Hidden node 2: [ 2.0021184965774164 2.15574566759233 2.536661293524425 2.233856705581171 2.597450081249932 2.5601541974493123 ]
Hidden node 3: [ 0.21661101372019298 0.20857901374387477 0.21466562764805705 0.2012444815484382 0.2106563744655417 0.22198438013408778 ]
Hidden node 4: [ 0.10799574239682587 0.10472375758446309 0.09509895761798966 0.08409860185703923 0.09616181556611593 0.07716301031219298 ]
Hidden node 5: [ -0.03759823581282911 -0.03804337385582592 -0.06156769375252257 -0.06246056121158073 -0.05537839363230836 -0.07626982572888667 ]
Hidden node 6: [ -0.7283562871120781 -0.7750308890245065 -0.8210610729108476 -0.7960650699760385 -0.7503818481980786 -0.8996356712101801 ]
Output layer: 
Output node 1: [ 4.337923306040508 3.8924899132807806 -1.0023713134440255 -1.5527814516470624 -1.7715226780381328 -2.056609505084973 ]
Output node 2: [ 4.582258711356231 -3.310173531816553 -0.4304796661725437 -0.6625013164417265 -0.7456962552101086 -0.5690036922503386 ]
Output node 3: [ 1.1727090524348411 0.7063713467315811 -0.6963692162212078 -0.8359166712797653 -0.8806559110462738 -1.0077111013330884 ]
Output node 4: [ -0.26717723146461525 -2.420681658746024 -0.330024013635242 -0.29320327990449385 -0.2757466198237336 -0.15643802858198716 ]
Output node 5: [ -0.07989794230422442 -1.683118088871746 -0.41946160792598325 -0.44309601144459576 -0.44290783435603176 -0.42265356956338174 ]
Output node 6: [ -6.076605996845488 -3.3155449341896635 -0.26967811993389906 0.23700367747619253 0.45452994906455696 1.0243360823323648 ]

Classification results
----------------------

	ACTUAL	 	PREDICTED
	------	 	---------
	1	|	1
	1	|	1
	1	|	1
	1	|	1
	1	|	1
	1	|	1
	1	|	2
	1	|	2
	1	|	1
	1	|	1
	1	|	1
	1	|	1
	1	|	1
	1	|	1
	2	|	2
	2	|	2
	2	|	1
	2	|	2
	2	|	2
	2	|	2
	2	|	1
	2	|	2
	2	|	2
	2	|	2
	2	|	1
	2	|	2
	2	|	2
	2	|	1
	2	|	2
	3	|	1
	3	|	1
	3	|	2
	5	|	7
	5	|	7
	6	|	2
	7	|	7
	7	|	7
	7	|	7
	7	|	7
	7	|	7
--------------------------------
Classification accuracy: 70.0%


0 HIDDEN LAYERS - CROSS VALIDATION FOLD 5
=========================================

Weights of each node
--------------------
Output layer: 
Output node 1: [ 0.5101680063491733 -1.533043830448955 3.917647449370201 -5.903180126447893 1.4512815444578766 -0.3608775926639637 -0.5139461032858736 -1.0658401802146131 -0.1365351954208092 ]
Output node 2: [ 0.8921077390241899 -3.1791573948915417 0.9405070694240676 2.171678945323403 -1.1576968089903457 -0.5630492593272797 0.9297808253263696 -1.9669985395528777 1.7502033439316118 ]
Output node 3: [ -0.9374491957661775 -0.23801676177312986 0.8852817279430826 -1.4913517532765503 -1.0906876851342788 -0.48266632905334855 -0.43539604249719827 -0.5402381338690694 -0.8803153811848159 ]
Output node 4: [ -0.5530418998722099 -1.9786856987569246 -2.1234943466469165 1.639652664948636 -0.9118894511423261 2.0622306909672696 0.20156384002031777 -0.6009143572606077 -1.668557077897857 ]
Output node 5: [ -0.5241111222695786 -0.39978006107126274 -1.0174080506947087 -0.6348076027536975 -0.9021383799801397 -0.37385315428270427 -0.5251614371030224 -0.2779007176688895 -0.4149626786429925 ]
Output node 6: [ -1.6919779267487693 3.569173181803144 -3.552654778478451 1.174666442882487 1.179230343006866 -1.374795313564374 -3.0378545181832775 3.73936229070801 -1.430435297288045 ]

Classification results
----------------------

	ACTUAL	 	PREDICTED
	------	 	---------
	1	|	1
	1	|	1
	1	|	2
	1	|	1
	1	|	1
	1	|	2
	1	|	2
	1	|	1
	1	|	1
	1	|	2
	1	|	1
	1	|	1
	1	|	1
	1	|	1
	2	|	2
	2	|	2
	2	|	7
	2	|	1
	2	|	2
	2	|	2
	2	|	2
	2	|	2
	2	|	1
	2	|	1
	2	|	1
	2	|	2
	2	|	2
	2	|	2
	2	|	2
	2	|	2
	3	|	1
	3	|	2
	3	|	2
	3	|	1
	3	|	2
	5	|	2
	5	|	5
	5	|	2
	5	|	2
	5	|	2
	6	|	7
	6	|	7
	6	|	7
	6	|	7
	6	|	7
	7	|	7
	7	|	7
	7	|	7
	7	|	7
	7	|	7
	7	|	7
	7	|	7
	7	|	7
	7	|	7
--------------------------------
Classification accuracy: 57.41%


1 HIDDEN LAYERS - CROSS VALIDATION FOLD 5
=========================================

Weights of each node
--------------------
Hidden layer: 
Hidden node 1: [ 2.2021962723427997 -3.330323379195878 4.01620111642095 -4.051525793370296 0.37677249551224606 -1.280969038494647 2.873347252214551 -2.7027258943066013 2.813799944193973 ]
Hidden node 2: [ 0.26621005689087573 -0.49180470592542647 4.164317766269522 -3.5976249214905778 0.5493160819646581 -0.1554325433402977 -0.18161949401633354 -1.0233304101655556 -0.6203392353043051 ]
Hidden node 3: [ 0.20378262901734165 0.17964365997150178 0.4669745773036181 0.16262198509582315 0.29058782789018334 0.03916257417750159 0.2132034236605257 -0.02877151659755628 0.10474103840929494 ]
Hidden node 4: [ 0.21238633893898543 0.1461866982218036 0.606607013548717 0.07290776177556041 0.26432172887017286 0.03871214841308577 0.19116012384699343 -0.09899770897059136 0.12029282250107083 ]
Hidden node 5: [ 0.19625967015291865 0.21840921311874703 0.43945959148565994 0.19230603358262333 0.2887606808224102 0.041337693940134805 0.2142103870807059 -0.007375935902249645 0.06859778123398012 ]
Hidden node 6: [ 0.20915541488559025 0.16593061101888656 0.5608198419084796 0.1196826079363271 0.2787012298958589 0.03439922918261465 0.19334639977006202 -0.06363234879322849 0.10355200982744098 ]
Output layer: 
Output node 1: [ 5.566795678495125 2.7479259130160574 -1.3740998773400446 -1.167009791513734 -1.414101974790779 -1.2467088320906414 ]
Output node 2: [ 2.8070690379307104 -1.5970962380507918 -0.3593105881660819 -0.3001964287056631 -0.4076976135793725 -0.33243299711856494 ]
Output node 3: [ 0.9862549271010176 0.6752721424938678 -0.6765595079074123 -0.6381887508593176 -0.6713696716741414 -0.645834605171647 ]
Output node 4: [ -1.3683898592451187 -1.2396770608697574 -0.22140521160446916 -0.22792653794074125 -0.22968392986163094 -0.23271847415639965 ]
Output node 5: [ -0.3971405946756873 -0.5293474746373483 -0.5653684201948703 -0.5530449289604843 -0.5593200126363088 -0.565883993473806 ]
Output node 6: [ -6.082704427262202 -1.1176908319294672 0.47014250622722675 0.3699841071684508 0.5092693086084087 0.4208986537580361 ]

Classification results
----------------------

	ACTUAL	 	PREDICTED
	------	 	---------
	1	|	1
	1	|	1
	1	|	1
	1	|	1
	1	|	1
	1	|	1
	1	|	2
	1	|	1
	1	|	1
	1	|	2
	1	|	1
	1	|	1
	1	|	1
	1	|	1
	2	|	2
	2	|	2
	2	|	2
	2	|	1
	2	|	2
	2	|	2
	2	|	2
	2	|	2
	2	|	1
	2	|	1
	2	|	1
	2	|	2
	2	|	2
	2	|	2
	2	|	2
	2	|	1
	3	|	1
	3	|	2
	3	|	2
	3	|	1
	3	|	1
	5	|	2
	5	|	7
	5	|	2
	5	|	2
	5	|	2
	6	|	7
	6	|	7
	6	|	7
	6	|	2
	6	|	7
	7	|	7
	7	|	7
	7	|	7
	7	|	7
	7	|	7
	7	|	7
	7	|	7
	7	|	7
	7	|	7
--------------------------------
Classification accuracy: 59.26%


2 HIDDEN LAYERS - CROSS VALIDATION FOLD 5
=========================================

Weights of each node
--------------------
Hidden layer: 
Hidden node 1: [ 0.4551167722565115 -0.6586294087541062 1.4975631297343517 -1.5739765284717209 0.2673049313609896 -0.24631731477874133 0.545321996025539 -1.1122416773897765 0.4642398171345619 ]
Hidden node 2: [ 0.4444457455356842 -0.6571414958337229 1.4592675400530284 -1.5384570428598405 0.25654444645498525 -0.22013365590241665 0.5262700445116801 -1.0863116443895044 0.45691457182591677 ]
Hidden node 3: [ 0.4311736325007409 -0.637549582315817 1.4156199526613045 -1.495071790256617 0.24701167434714869 -0.22262900876978622 0.5110248362832321 -1.0526902206179456 0.4410699322210027 ]
Hidden node 4: [ 0.4508085391426381 -0.6647136318184015 1.474721150383084 -1.571941031184662 0.2649385405826472 -0.2348455845927886 0.5477369596663201 -1.1154433727393036 0.4708058765831529 ]
Hidden node 5: [ 0.41023446267039004 -0.6195607510345409 1.3965168824822844 -1.451944864013911 0.24577655090847197 -0.20461357499274876 0.4883511311146657 -1.0212792359442786 0.4207103281330305 ]
Hidden node 6: [ 0.4136403258470553 -0.6277173701782194 1.3968504337172956 -1.450070947264924 0.25175138272781455 -0.21433974968531025 0.5128102826751635 -1.0309436933901286 0.4336039081328499 ]
Hidden layer: 
Hidden node 1: [ 2.2576222328968276 2.1863341218833754 2.1092891792940955 2.2414581086926724 2.0484669672503593 2.0651365297656477 ]
Hidden node 2: [ 1.151509921050878 1.1376568908944427 1.097423307409274 1.154686937845402 1.0587189568079671 1.056809589779351 ]
Hidden node 3: [ 0.23812213896128614 0.23500543040294292 0.24003714467299533 0.24318246543923114 0.23613960670526052 0.23559256872846904 ]
Hidden node 4: [ 0.1432180627068539 0.15095852775809937 0.13926695223064453 0.154966351097391 0.14284200341279943 0.14415084479907023 ]
Hidden node 5: [ 0.010602522435922766 0.019048648566033482 0.01695584652457171 0.02207776853371654 0.02360000480483612 0.023717072459786173 ]
Hidden node 6: [ -0.1447762247362218 -0.13908692991101435 -0.12872501840912062 -0.1447952972636866 -0.11751600326358269 -0.13307404799722744 ]
Output layer: 
Output node 1: [ 4.805250634401445 2.07217258681242 -0.6476257225080194 -1.0499167939363496 -1.2704848460900027 -1.4062538147093304 ]
Output node 2: [ 0.8806778224725048 0.13859695387937213 -0.0169132542842737 -0.19351846551255933 -0.2854283252907052 -0.30512831711200955 ]
Output node 3: [ 0.740006072267095 0.22608975069253406 -0.5161175510672755 -0.5799868315475314 -0.6126464245974047 -0.6337071310357771 ]
Output node 4: [ -1.5148822361257195 -0.9790248334140148 -0.2942932563734152 -0.23883617792781758 -0.21322920765057735 -0.1750928228866816 ]
Output node 5: [ -0.5255110122971216 -0.5196011853446592 -0.5510691439101806 -0.5654791329289992 -0.5636245695402345 -0.5582089468956535 ]
Output node 6: [ -4.921895819437246 -2.43277430208968 -0.08862396453861372 0.24977021941468222 0.4496608856714536 0.5598357784277918 ]

Classification results
----------------------

	ACTUAL	 	PREDICTED
	------	 	---------
	1	|	1
	1	|	1
	1	|	1
	1	|	1
	1	|	1
	1	|	1
	1	|	1
	1	|	1
	1	|	1
	1	|	2
	1	|	1
	1	|	1
	1	|	1
	1	|	1
	2	|	2
	2	|	1
	2	|	7
	2	|	1
	2	|	2
	2	|	2
	2	|	2
	2	|	2
	2	|	1
	2	|	1
	2	|	1
	2	|	2
	2	|	2
	2	|	1
	2	|	1
	2	|	1
	3	|	1
	3	|	2
	3	|	2
	3	|	1
	3	|	1
	5	|	7
	5	|	7
	5	|	7
	5	|	2
	5	|	2
	6	|	7
	6	|	7
	6	|	7
	6	|	2
	6	|	7
	7	|	7
	7	|	7
	7	|	7
	7	|	7
	7	|	7
	7	|	7
	7	|	7
	7	|	7
	7	|	7
--------------------------------
Classification accuracy: 53.7%


 ------------------------------- 
| RADIAL BASIS FUNCTION NETWORK |
 ------------------------------- 

CROSS VALIDATION FOLD 1
=======================

Weights of each node
--------------------
Hidden node 1: [ 5.353020955994 -0.6242058971866532 -8.902549285750345 -0.691079479177696 -0.5397739426894138 -0.7029770112552769 ]
Hidden node 2: [ 4.824177492180844 -2.2028218544944633 -9.110817844258674 -2.669779435330384 -2.658694784651095 -2.669447911711294 ]
Hidden node 3: [ 9.71574615316329 -3.1662949695054983 -4.877364415273828 -0.8960455642247814 -0.8946110782279587 -0.9048050441758508 ]
Hidden node 4: [ -8.446324920355142 8.197049717212492 -1.1248580549525948 -1.4504865422104065 -1.4647204915812053 -1.4587836811558283 ]
Hidden node 5: [ 6.61571747899377 0.6942134948093936 -7.4589183962291745 -3.1872609616078234 -3.5544381157268004 -3.1670288581029604 ]
Hidden node 6: [ -15.293231246329375 -1.6416368341637813 11.746520998177106 -0.45557678167966226 -0.5084609227325442 -0.4711163767700119 ]
Hidden node 7: [ 5.775941583852396 -5.06990937691607 -0.43174468950326 -0.5849691874149143 -0.5403952369993831 -0.60800080436965 ]
Hidden node 8: [ 5.81406351134668 0.03754883137979009 -3.9711090125120267 -0.3773990283649381 -0.2703309369219622 -0.3883788086526229 ]
Hidden node 9: [ -5.131377260894772 7.581635590582674 -6.010386303314381 -1.1026930809948143 -1.1141108625004874 -1.1037941202933306 ]
Hidden node 10: [ -12.658163105388649 3.7603306450824316 8.41174971305491 -2.593758754701255 -2.62333463011541 -2.592915244141444 ]
Hidden node 11: [ 5.017000094156333 -0.9809220159811981 -0.8054662628087249 -0.5158259421894386 -0.4571904458742228 -0.5139830326039161 ]
Hidden node 12: [ 7.55735127909211 -6.15272590085235 -2.7127637906444493 -2.510244197372966 -2.9256253015218556 -2.138085810989523 ]
Hidden node 13: [ -2.8896098031615627 -1.9257316144573784 5.4913218739355765 -2.2171410558989972 -2.342899053635333 -2.2609511104436275 ]
Hidden node 14: [ 2.0865460692400855 -6.6672969895269825 0.658529935214401 -0.5543658828189307 -0.5418246449165733 -0.5634054143155418 ]
Hidden node 15: [ -12.312051023810842 -2.618402566191184 8.91700889732142 -9.095489854329447 -9.099305730788991 -9.095765210020952 ]
Hidden node 16: [ -0.04141306713556899 5.705184378304157 -6.096155780370924 -0.3968330182730188 -0.15528875007725837 -0.3993309066736065 ]
Hidden node 17: [ -10.654267656981256 8.629155866975132 -3.314454415067428 -0.22021233190188125 -0.07986128294213313 -0.2080950748047239 ]
Hidden node 18: [ 4.770604535535782 -3.4672990584097647 0.7862357965540661 -0.5364823289725376 -0.4406929803193819 -0.5439058604935322 ]
Hidden node 19: [ 5.005623480108978 -6.206760182944078 5.287845079887472 -0.7359491219119445 -0.6662298540160135 -0.7451058471572478 ]
Hidden node 20: [ -5.348044447446393 5.194944411696534 0.7763234025434143 -0.4854325071422423 -0.11559295962891926 -0.5062131968672335 ]
Hidden node 21: [ 1.4691246880701465 -2.412237598123299 8.430205231182127 -1.3523806395140128 -1.2749087579893188 -1.290498216121919 ]
Hidden node 22: [ 3.169785861676264 -2.8742272935142 -1.7023353645854409 -0.8770984204456433 0.2278903729130062 -0.8489942809920986 ]
Hidden node 23: [ -2.633085349197733 -0.09164479785689453 1.389366742095695 -0.4663093342701266 0.24324214803956523 -0.3887368761186084 ]
Hidden node 24: [ -12.674017152936848 11.012745189529051 -4.541362424493329 -3.5954040359662334 -4.0926435192638815 -3.703878273120773 ]
Hidden node 25: [ -1.254635015883735 -1.2363312137007036 -1.2619739402072716 1.2519201408505423 -1.2586067459503918 -1.2597906591194654 ]
Hidden node 26: [ -0.0364670171726644 0.04024900720918671 -0.04268910173345632 -0.03607379529466101 -0.03599568471970074 -0.04227285887760792 ]
Hidden node 27: [ -7.655702967702812 -6.603403749628392 -7.649915295344834 -8.570414009224537 7.069003035264489 -7.581452576204452 ]
Hidden node 28: [ -6.337567249226662 6.340838743663394 -6.322856719389659 -6.3225812290298204 -6.363685813359049 -6.321498201750235 ]
Hidden node 29: [ 3.424931145519637 0.45852259739718876 -3.9773012608082823 -1.5697793603667742 -1.6379732305598833 -1.579465956070928 ]
Hidden node 30: [ -4.306401722385033 1.2704270734751981 3.411752344540097 -0.6150249516823818 -0.46638022860867545 -0.6342861427817584 ]
Hidden node 31: [ 4.393495996709148 -0.4462739257771788 -3.664565597439789 -2.829051325477936 -3.1609434223782586 -2.8789036186632666 ]
Hidden node 32: [ -2.640874501125236 -3.873169420172218 5.880521884952315 -0.6730955637056256 -0.38670940653385855 -0.6746949564274514 ]
Hidden node 33: [ -3.816193576598679 7.942454274246773 -3.996345044481434 -7.329879486910955 -4.989145142019964 -3.359735454878212 ]
Hidden node 34: [ -4.52582218823709 -4.456545628636933 -4.529469397855046 9.799513923472494 -7.977857500848948 -4.5372445368291885 ]
Hidden node 35: [ -5.646974670513627 3.15306179482566 -7.770904682392881 -5.583335987815538 -1.461507594122214 -3.3187904848721304 ]
Hidden node 36: [ 0.013805489660951123 -0.023047938128330107 -0.02357029332811521 -0.007143805945382293 0.0020131879234877026 -0.001955729809278389 ]
Hidden node 37: [ -4.078001551329676 -3.920615071220492 -4.138965129460173 -4.5462352125706005 4.826657767054203 -3.844375923454367 ]
Hidden node 38: [ -8.0498489469354 -8.033498516371315 -8.048966131019098 -7.878766587704325 -8.376860365601226 8.10879910107189 ]
Hidden node 39: [ -4.596104906341722 -4.971865845276322 -4.613154498165168 -7.9594063299122535 -2.610634623157907 4.354079169678581 ]
Hidden node 40: [ -5.66981756314144 -6.134534732547426 -5.704039443084476 -9.70097315718526 -3.78977142649226 5.349674051702808 ]
Hidden node 41: [ -0.9309197407913508 2.590421264735106 -3.6329629577870715 -0.7568394068127438 -0.8300180300807762 -0.7595522676636952 ]
Hidden node 42: [ 4.446143998477323 -1.4418654817694077 -1.8879075958177498 -0.5064434356722946 -0.5140846579858032 -0.5103575275192777 ]
Hidden node 43: [ -7.564055088327944 -0.5981019267854506 8.617801302567214 -0.5837874837563324 -0.489105611396356 -0.5957295741275646 ]
Hidden node 44: [ 3.7021734556115864 -1.1009919236349552 -0.8287712649748947 -0.5391810608115938 -0.35649033049622364 -0.5321096256293729 ]
Hidden node 45: [ 1.4161801432629173 -7.148789489952412 1.481292813724755 -0.4851102456165469 -0.392165433302616 -0.4950751327967624 ]
Hidden node 46: [ -7.870757876380539 -2.865215082309109 10.13721546962748 -0.5812059951842591 -0.37426125387770864 -0.6085558216334604 ]
Hidden node 47: [ -2.901274950349159 -1.9320413224784045 5.487207956701401 -2.2110001038577956 -2.3435113902418983 -2.2561519647216417 ]
Hidden node 48: [ 5.372568420796405 -3.333586827936048 2.0191791999986624 -0.8269850169717132 -0.545692100443055 -0.8403885761257713 ]
Hidden node 49: [ 4.091508300848077 1.2959178155242388 -1.964042279086233 -3.49083663636763 -3.496245755299205 -3.5006464035033895 ]
Hidden node 50: [ 2.824805734848433 -7.287330514221708 5.229528120544264 -2.1770509320135707 -2.220991433493432 -2.1825853008700333 ]
Hidden node 51: [ 1.949436875237539 0.6352286002847886 -5.9489843749905615 -3.2052068863555916 -3.5379106669756397 -3.295017850157837 ]
Hidden node 52: [ 9.152536930185391 -12.885405942163361 -5.3096831581238595 -4.055832116539156 -3.9470728116387757 -4.052432207977346 ]
Hidden node 53: [ 0.027689136111306085 -6.69599776713411 -2.4373542031731974 -1.3419333896465784 0.2830296520589843 -1.1921501769511273 ]
Hidden node 54: [ 6.07354874366208 -6.59663044354729 -2.1644509494860933 -1.2724409639932663 -0.2896517293316774 -1.2150954853458626 ]
Hidden node 55: [ -3.099987825931175 7.705549669265373 -8.123401019282976 -0.4716372884677838 -0.2245198751427301 -0.4935489075084218 ]
Hidden node 56: [ 2.3237735039400804 3.36630916600234 -5.197356650544757 -0.5991265941774376 0.0600334792489057 -0.6011432481128479 ]
Hidden node 57: [ -5.712796754204803 3.1085541893576787 -1.3313920358473716 -0.2512310987329227 -0.1687650923657452 -0.23454978472524662 ]
Hidden node 58: [ 3.649158678140776 -1.3670394302723363 -3.9372705662082064 -1.905438158537339 -1.9274737108256468 -1.9018321009773773 ]
Hidden node 59: [ 4.873003711955989 -6.548388045854132 0.995579693531371 -0.8740338672907446 -0.8926110975624693 -0.9015860208743636 ]
Hidden node 60: [ -0.0018295414886575871 0.001809397332048668 -0.0028374278016373125 0.009377132900987802 0.0038601110497961185 0.007923041103594817 ]
Hidden node 61: [ -7.050098935303267 7.0256481692760255 -7.063412423027604 -6.865746671172327 -7.214893618145661 -7.062415484823999 ]
Hidden node 62: [ -9.610947405470581 7.8016591724711075 -5.61211001804693 -0.7789873330170032 -0.9698413101982388 -0.7995554126741651 ]
Hidden node 63: [ -7.729711633893044 7.064620497455388 -3.750534495734289 -1.154062684432637 -1.2692017691964668 -1.1539142110887328 ]
Hidden node 64: [ 4.2208999120825474 3.0888968209180234 -9.227620297704153 -3.03967846174763 -3.033271132752349 -3.0333926944422185 ]
Hidden node 65: [ -3.3466622720850436 5.121749087787266 -3.874799188651645 -0.9796963463674763 -1.1474841548389607 -0.9998157931861622 ]
Hidden node 66: [ -0.6412491601676944 5.059122741104678 -3.9757174940898263 -0.5707543363048809 -0.36215318268143865 -0.586759034105482 ]
Hidden node 67: [ 4.427682459571738 0.4878823090573273 -10.211921924439958 -0.976277119409144 -1.1127547038130543 -1.0140621960012455 ]
Hidden node 68: [ -3.910154942933 -0.028115167395279965 5.148033457047993 -0.5782648207219517 -0.5774858440136116 -0.5775701238193703 ]
Hidden node 69: [ -9.817641713429111 9.586772863339487 -7.760820517158753 -8.112638170909287 -8.645533952710538 -7.962300359805914 ]
Hidden node 70: [ -0.827941932689641 0.6780818535335755 1.225747281235151 -0.2485178467649105 -0.22696581715107297 -0.24910767979947657 ]
Hidden node 71: [ -2.5804756036528103 0.5152401016313529 6.874051499916798 -0.6016344233382382 -0.6142592723858211 -0.6147836189597816 ]
Hidden node 72: [ -4.0690956148977575 -3.490012737545081 9.196670559470617 -0.8007424509998862 -0.47461559899546807 -0.8108715759514461 ]
Hidden node 73: [ -0.09187008760217402 0.40135936725451515 -0.1551172244905235 -0.15859272215383097 -0.4376147542961629 -0.11300729001488251 ]
Hidden node 74: [ -14.646675202655958 -4.530408502331596 -14.843604145992936 -0.8065733134780648 -0.018935548947237882 -15.619564325276158 ]
Hidden node 75: [ -8.648021555922554 -4.425278895909275 -5.689257817562635 -10.275889567530106 6.988590211644738 -5.823991540009728 ]

Classification results
----------------------

	ACTUAL	 	PREDICTED
	------	 	---------
	1	|	1
	1	|	2
	1	|	1
	1	|	1
	1	|	1
	1	|	2
	1	|	2
	1	|	1
	1	|	1
	1	|	1
	1	|	2
	1	|	3
	1	|	3
	1	|	2
	2	|	1
	2	|	2
	2	|	2
	2	|	2
	2	|	1
	2	|	2
	2	|	3
	2	|	2
	2	|	2
	2	|	2
	2	|	2
	2	|	2
	2	|	2
	2	|	2
	2	|	2
	3	|	3
	3	|	3
	3	|	2
	5	|	1
	5	|	2
	6	|	6
	7	|	2
	7	|	1
	7	|	6
	7	|	7
	7	|	7
--------------------------------
Classification accuracy: 60.0%


CROSS VALIDATION FOLD 2
=======================

Weights of each node
--------------------
Hidden node 1: [ 7.442122033057123 1.5779060359347827 -11.607065449699226 -1.3458344722833757 -1.5654887934808501 -1.3977773541108287 ]
Hidden node 2: [ -1.5607534932184253 6.214121722387477 -8.14979039398781 -0.5007489842489071 -0.0858517744136748 -0.5076687132234964 ]
Hidden node 3: [ 6.496704271893474 -0.5705791393950597 -5.3800399737317415 -0.5453698673961409 -0.4242815902440347 -0.5487110097616363 ]
Hidden node 4: [ 4.551917278733279 -3.1683702385560464 -1.8263834906194705 -0.544798054261979 -0.4556749070813932 -0.5667172596061218 ]
Hidden node 5: [ 8.595407531230093 -6.988650493164574 0.10260834234117297 -2.055952194044318 -2.378742413151238 -1.939173516741519 ]
Hidden node 6: [ 4.250272535506684 -2.852299689429459 -6.045159809604688 -2.2799631988976867 -2.2895905686385793 -2.282224023902187 ]
Hidden node 7: [ 5.829118145599619 -7.2508627494008895 -4.135752998576999 -2.759968604567351 -2.7556063305261227 -2.756710022525133 ]
Hidden node 8: [ 6.397900222463881 -1.7643319542938247 -4.113053987555528 -0.33889061333932086 -0.26596991055126135 -0.33367619479255695 ]
Hidden node 9: [ 2.138309179682675 -0.5485788902902433 -2.1824464129602474 -0.42291702257976826 -0.4285965038971205 -0.4240047137984222 ]
Hidden node 10: [ 2.984439318010485 -4.283543910870629 -0.5416951475871885 -2.7338778912059154 -3.2686328475054633 -2.8209150265365968 ]
Hidden node 11: [ -13.965177852390998 16.219843416978712 -7.029105107079857 -1.5029881391100137 -1.5225008545165057 -1.507739106613332 ]
Hidden node 12: [ 0.5045772560656588 0.04682298230909255 2.6524837356376043 -0.5595802384466465 -0.5716182697448283 -0.5670295140250217 ]
Hidden node 13: [ -1.0231127261407198 -4.82336439511982 3.5713171532426755 -0.7464748959592253 -0.6337574428741322 -0.7516042292198275 ]
Hidden node 14: [ 5.002455758125983 -3.114599986093409 4.150242340532506 -0.8893416670735927 -0.796519206564161 -0.897309790997631 ]
Hidden node 15: [ -0.3743715763205784 -2.0119699522379717 0.09460195914756012 -0.19558480535316664 -0.2040570925030481 -0.17666677194162247 ]
Hidden node 16: [ -0.9622253672580078 5.154434134916078 -6.072527602052093 -0.34606960687338045 -0.14432249804498365 -0.3494337167413604 ]
Hidden node 17: [ -1.106796567219821 4.50182727614615 -4.940791107210719 -0.3344893397365804 -0.12462074287421598 -0.3462060464650016 ]
Hidden node 18: [ -7.303306194676964 1.9274734262336326 1.283083268568569 -0.6119105531936236 -0.5944403489605361 -0.6116769318874448 ]
Hidden node 19: [ 7.324480575405423 -5.78152603626918 -0.4396055537238212 -0.7453962268119728 -0.7020961451388381 -0.7516202428600048 ]
Hidden node 20: [ -6.510364079943084 2.6452404486154055 -0.4690221945100178 -0.12396101583071749 -0.07460831735921311 -0.11511615691972041 ]
Hidden node 21: [ 2.805936210933029 -1.7896406193240246 -1.6280287136310552 -0.5797268484837 -0.4414207235792396 -0.5854609149643015 ]
Hidden node 22: [ -1.8436404374371043 0.19248288751754672 -3.1864205398172376 -0.14115434038354688 0.049768060578666326 -0.09266400772967358 ]
Hidden node 23: [ -3.266753068832585 4.850046321008557 -0.7599028212441403 -0.5460947909459027 0.11599380463371153 -0.5470043838954212 ]
Hidden node 24: [ -3.3127192991896384 3.2510726201730833 0.4731195990218449 -0.43411465540013383 -0.23653854138764002 -0.44740737945774506 ]
Hidden node 25: [ -9.915053627783822 -5.180200102932751 11.0340862079812 -3.524133642030451 -3.540808542337207 -3.5214744173677555 ]
Hidden node 26: [ -7.931303837771303 7.492127678478888 -2.742015707025199 -1.135632045536298 -1.100567859661934 -1.1185882230745054 ]
Hidden node 27: [ -1.0321982101330736 -0.07658727756698627 0.03305493813560789 -0.40528327258618746 0.027215388362273364 -0.3975965433202136 ]
Hidden node 28: [ 3.0502820833872666 0.6100353071932958 -3.255128859144589 -1.9971220203785165 -2.0489752877397716 -2.0024823455462135 ]
Hidden node 29: [ -3.38686644947036 -0.7541581847987898 -0.8716644408232209 -0.6091235617272428 0.5473586770087207 -0.5984186599764356 ]
Hidden node 30: [ -13.779459622617816 -1.842117618842447 7.96822868585069 -0.9367119123586589 -0.9474791001925107 -0.955027855500132 ]
Hidden node 31: [ 3.541654828876655 -1.8792420190176875 1.332045790684873 -0.8128254221080173 -0.8099846111341235 -0.8263133257604883 ]
Hidden node 32: [ -2.000945664094034 0.0824382325024138 3.102250408510235 -0.8339927693499621 -0.8517058777709291 -0.8427555206477093 ]
Hidden node 33: [ 0.009614492233612769 -0.0031807135242635453 0.006467515394846374 0.001624138723009182 0.003806823208501289 0.00760173750701706 ]
Hidden node 34: [ -0.7851255943107267 2.9553045022654536 -1.2268829743342458 -1.8422320777009795 -2.2193406603819095 -0.7608057569700764 ]
Hidden node 35: [ -8.280014082388929 2.6344696683009 -3.294323197451306 -9.077891200524633 -0.21325233252831818 -4.9161177034739 ]
Hidden node 36: [ 0.004643120514183294 0.00394169568699285 -0.025026337704426548 -0.005344466915228114 -0.004535775597078702 -0.007211884795503868 ]
Hidden node 37: [ 6.031342534196913 3.891263968228428 -12.605359910038436 -4.112178484354618 -5.002092893427266 -4.252194183675143 ]
Hidden node 38: [ -0.007678667524972381 -0.007671964716214162 -0.010946326067560215 -0.007017429127217338 -0.011588440650171094 0.015479208309465465 ]
Hidden node 39: [ -12.441452218008516 -12.89858325048732 -12.503903570967095 -14.861760016929823 -10.372615365074058 12.035094730601328 ]
Hidden node 40: [ -9.96245678019495 -9.945461626574714 -9.959338355139801 -9.830701118146303 -10.134880616785587 10.01627987743463 ]
Hidden node 41: [ -1.711182345963184 3.7647954308041967 -3.507009397027499 -0.7948954582198103 -0.8607319789657532 -0.8135532677029895 ]
Hidden node 42: [ 3.565084087852523 0.5610197512832956 -2.6578660016122786 -0.48644018972934316 -0.45939193478576956 -0.496093282879636 ]
Hidden node 43: [ 0.4238287350764053 -6.653581603313379 11.48201901954857 -0.5480224481098114 -0.47752569173213 -0.5447736784725291 ]
Hidden node 44: [ 3.6254845870081738 -1.7714597726614894 -0.45654060600046664 -0.5016795121370613 -0.34608536145903485 -0.5141101007623353 ]
Hidden node 45: [ 2.0989191053976093 -4.263632262071875 0.08781208348160394 -0.4299676556899028 -0.3119549787187326 -0.4322617495806713 ]
Hidden node 46: [ -7.1545494607477425 -3.4675947791850077 10.863938022872674 -0.5676597148259903 -0.36893170265390757 -0.5762249125167409 ]
Hidden node 47: [ -5.033015037459961 -3.798007530615048 9.6860818394455 -4.062645982694219 -4.578191371810311 -4.198718841400401 ]
Hidden node 48: [ 6.967405799756959 -6.068418516435997 3.3255219400543066 -0.8756685530896784 -0.6668036585727517 -0.883684307349291 ]
Hidden node 49: [ -2.0052798523386612 2.442039106421403 1.1050293522353571 -3.990720244744948 -3.9897045244257536 -3.990402228143333 ]
Hidden node 50: [ -2.8274616854795496 2.768037197326136 1.8035100553194174 -1.921568941047066 -1.9514446671777892 -1.9254544449241293 ]
Hidden node 51: [ 0.0469632509205319 1.1162997864696178 -4.843957351242323 -5.849145085421673 -7.013991961367255 -6.147503466230458 ]
Hidden node 52: [ 13.583784876042106 -13.306590143870125 -7.434198800558577 -5.443167927356097 -5.356822823180153 -5.445905755942261 ]
Hidden node 53: [ 2.4304050024407817 -9.285724223062354 -5.741273308972008 -1.431071704820813 -0.0813467372561427 -1.2837887112187356 ]
Hidden node 54: [ 8.548342800426935 -7.039924456002462 -1.7738583378422166 -1.1701651075257808 -0.34086764293021377 -1.1122493608178186 ]
Hidden node 55: [ -2.7448848055133124 5.668874183925095 -6.85971078261022 -0.44798716164042934 -0.22870317254568903 -0.4574783463342703 ]
Hidden node 56: [ 1.016435955874305 2.442221049012903 -3.3393660697663057 -0.5305398842943584 0.04633335604933009 -0.5389087751026016 ]
Hidden node 57: [ -5.712458372723759 2.4154110520140404 -2.0948049068851384 -0.22030631433446457 -0.15147313873402887 -0.22039454491694593 ]
Hidden node 58: [ 2.3693977997498736 -1.0982875783233603 -1.2276470345290238 -1.7284030166559157 -1.7469288553237217 -1.7439326465461369 ]
Hidden node 59: [ 3.222684305488541 -4.934536770120107 2.4537027920534906 -0.8206350408938 -0.8243787876530744 -0.825231003950515 ]
Hidden node 60: [ -0.0024061133179242977 -0.0017666996007690697 0.007259808926502832 -0.005985224057502531 -0.008403076204792961 0.008708098169711787 ]
Hidden node 61: [ -9.111568360781131 9.096371045743687 -9.116682926737925 -8.963336968546542 -9.18624030239012 -9.115036149505528 ]
Hidden node 62: [ -11.645565958850916 11.490521708643064 -5.747468558126898 -0.8829216412194099 -1.041180558657274 -0.9042506873704321 ]
Hidden node 63: [ -0.3268947477785471 3.4590050595161563 -6.3841397342353705 -1.0960904336948323 -1.1773508967381332 -1.1022954206044273 ]
Hidden node 64: [ 2.111206058835127 1.908281410715427 -6.740414726944413 -3.532259981773319 -3.5277387970037357 -3.534117940966615 ]
Hidden node 65: [ -2.860593811765444 4.416921024759113 -1.247252084092162 -1.1336348763360808 -1.3133640317639899 -1.151529877386571 ]
Hidden node 66: [ -0.20807336316370584 2.9868839004451893 -2.647210929143816 -0.5630988761908637 -0.37561590666548905 -0.5682816681323317 ]
Hidden node 67: [ 5.116828569044423 2.172641922234616 -10.455399094099564 -1.292542885017939 -1.489461444975623 -1.324234456026705 ]
Hidden node 68: [ -4.109347822479722 0.2086504957797502 5.859022599733416 -0.5662105771065362 -0.5472092420626574 -0.5839328972450273 ]
Hidden node 69: [ -7.889613104341212 8.754035547288549 -7.506777260725801 -8.373381717899292 -8.757992985495575 -8.155912823511253 ]
Hidden node 70: [ -0.7426377129616702 -1.0466086278401212 2.8220372064043153 -0.22415308985275448 -0.2176358153236763 -0.2352132826915082 ]
Hidden node 71: [ -2.0372905045642247 -1.4549421417962052 9.32064911783662 -0.636104685078916 -0.6382465982125791 -0.6324722838152891 ]
Hidden node 72: [ -1.9966445172125398 -6.109506015771521 11.344140756654845 -0.817212363951532 -0.5567770423964061 -0.8358581665707531 ]
Hidden node 73: [ -0.09539465587882516 0.35955849287930997 -0.19814730469241446 -0.13203532050442954 -0.36549191407975185 -0.10022106257445024 ]
Hidden node 74: [ -17.322826774070602 -6.750430322915473 -17.870901062675095 1.6849010329609375 -5.389497887189413 -18.1182169570785 ]
Hidden node 75: [ -8.164113537630529 -3.1324951508907044 -5.625501886144328 -10.528889669405446 6.704700297267695 -6.045626627285275 ]

Classification results
----------------------

	ACTUAL	 	PREDICTED
	------	 	---------
	1	|	2
	1	|	2
	1	|	2
	1	|	2
	1	|	1
	1	|	3
	1	|	1
	1	|	1
	1	|	2
	1	|	2
	1	|	1
	1	|	1
	1	|	3
	1	|	1
	2	|	2
	2	|	2
	2	|	2
	2	|	2
	2	|	2
	2	|	2
	2	|	3
	2	|	1
	2	|	3
	2	|	3
	2	|	2
	2	|	2
	2	|	5
	2	|	2
	2	|	2
	3	|	3
	3	|	1
	3	|	3
	5	|	2
	5	|	5
	6	|	6
	7	|	2
	7	|	6
	7	|	7
	7	|	7
	7	|	7
--------------------------------
Classification accuracy: 57.5%


CROSS VALIDATION FOLD 3
=======================

Weights of each node
--------------------
Hidden node 1: [ -3.806742225183916 11.242061400638319 -7.585936901935591 -1.2892055732158356 -1.3991997181818931 -1.3251572853058087 ]
Hidden node 2: [ -1.5305681807384477 5.413810556423282 -7.308686355816461 -0.818215951516602 0.17538767707375216 0.07905809671107714 ]
Hidden node 3: [ 4.162671599976208 -1.1597899485633922 -5.141832050710709 -0.6404187101750536 -0.20972910634746275 -0.4007433892460142 ]
Hidden node 4: [ 3.550512096278163 -5.629725369772048 -1.4875345847911658 -0.6494523015480265 -0.27383434099321136 -0.4510169906439223 ]
Hidden node 5: [ 0.9981837468743587 0.12794511388631988 -3.879848752648243 -1.3231335144638037 -0.9104009062829087 -1.3396171143240445 ]
Hidden node 6: [ 6.44698656463125 -4.926779892681069 -7.783860250761804 -2.2526085789931414 -2.3132125934448737 -2.2913877284622486 ]
Hidden node 7: [ 11.386347648416175 -11.070544276309686 -5.252905985851788 -2.699734072856984 -2.740891673964634 -2.7361512405018256 ]
Hidden node 8: [ 5.304900404259996 -3.0537843820665405 -3.802628279659231 -0.4391359119345357 -0.21071482853958343 -0.31343862747134515 ]
Hidden node 9: [ 0.016412501600546855 -0.11776620390781328 -2.7690539019090017 -0.4807920601395361 -0.36738002323342717 -0.45961475647890226 ]
Hidden node 10: [ -1.282393278048099 6.154757858602806 -3.088987306829162 -1.7577904722392417 -1.6998340736870765 -1.8808555298333178 ]
Hidden node 11: [ -10.281290503192388 14.33688865774687 -4.164355660871576 -2.3464664274867424 -3.5190344445006776 -2.8998851994706016 ]
Hidden node 12: [ -4.230860977573903 5.867375324307337 2.015541099198123 -0.6041525736472558 -0.3685606492715377 -0.4850263587563246 ]
Hidden node 13: [ 0.08778218754500608 -4.811249391226847 4.6360854524803425 -0.8793026241692132 -0.2060052045457248 -0.4913766819621209 ]
Hidden node 14: [ 0.9271967522008433 2.125739919245707 2.0039368211256345 -0.987033582007015 -0.1250373337786429 -0.4883958845380437 ]
Hidden node 15: [ -2.7749159145225706 -0.4855460259107139 -1.8752438835462968 -0.26818979166322127 -0.37534183007453037 -0.29264935678447407 ]
Hidden node 16: [ -1.5340873790320224 4.961667202828159 -5.406521110199668 -0.545079951403162 -0.07193528366556902 -0.11579681070876799 ]
Hidden node 17: [ -1.3218176887753286 4.267751646167462 -4.366497666780145 -0.5498195445347434 -0.08016167726801322 -0.08114090900668325 ]
Hidden node 18: [ -11.773946924123676 6.193939056504924 -0.9611747010471081 -0.6222520484503136 -0.1730498942797211 -0.2604068864063318 ]
Hidden node 19: [ 6.6244926207773975 -4.398296526608215 4.076837359178167 -1.2466662671532482 -1.7423706122371427 -1.44842897530731 ]
Hidden node 20: [ -5.91719100117592 2.894407090078117 -2.664584403710815 -0.25223695188669837 -0.10523427697193964 0.17947489770877373 ]
Hidden node 21: [ -0.7523798059759699 -1.3551892537961663 0.08638529424338773 -0.6887182618075995 -0.16127646784662303 -0.3153863165370588 ]
Hidden node 22: [ -1.9375619919295206 -1.8968366947735047 -4.410302429279193 -0.44208354588655324 -0.17916981811850827 0.5991114809519171 ]
Hidden node 23: [ -0.45746601600872366 1.4920028439709219 0.9964179153994982 -0.9608882135051618 0.2107635655655611 0.0014328462223961575 ]
Hidden node 24: [ -4.391034495572156 4.306420743261053 1.6610548014924198 -0.6761139031358517 -0.0902911757317322 -0.028433876769244776 ]
Hidden node 25: [ -2.7288060976948914 -2.320752238177743 5.7680072977643135 -3.5038248441800635 -4.5473521537515875 -3.9947192815985786 ]
Hidden node 26: [ -0.4955198627712727 -0.521785125517191 -0.3010476184071182 -1.5213273340059852 -1.9069855465421985 -1.656437225074534 ]
Hidden node 27: [ 2.3130979343609357 -2.6552653838740556 1.9494952761052762 -0.7859533729508343 -0.04595259590175222 0.15802711403544 ]
Hidden node 28: [ 11.681500168892002 -10.175019859959876 -5.003197953484847 -3.567119527860727 -5.478194349212418 -4.462515985317961 ]
Hidden node 29: [ 0.6729110663576267 -4.44511449817086 1.2019934536686234 -1.9612107619745733 -0.5297521048152454 2.390277123281731 ]
Hidden node 30: [ -7.354794492734018 2.67186067079936 5.171198679546502 -0.8724046259650522 -0.40076982894384094 -0.7161748315031701 ]
Hidden node 31: [ 4.2727664680520325 -4.403085727795737 4.560385266862688 -1.4401507428410385 -2.0004242569063897 -1.6422750198207656 ]
Hidden node 32: [ -11.555538773008797 8.741047334737084 1.7469016699673483 -1.9323960135261615 -3.400433635791567 -2.552590218550252 ]
Hidden node 33: [ -0.20529398251235226 -0.20726563281589042 -0.21237401569540196 -0.20002121848501198 -0.20471164311173357 0.19475002252616666 ]
Hidden node 34: [ -1.51655096289195 3.349478087224659 -1.878874973766708 -1.355414252554567 -3.141030837034074 -2.1873977368980944 ]
Hidden node 35: [ -13.41264547088696 -1.8365833801689888 -8.712057281753548 -12.343203222082058 5.263959545206287 -3.333980212901065 ]
Hidden node 36: [ -0.9693838692230196 -0.9842308640397355 -1.0141094636702843 -0.9517661641324406 -1.0065879094767647 1.003190432798927 ]
Hidden node 37: [ 10.993543444841336 2.063910729801195 -14.874389170136642 -2.879231169135346 -3.0964250731566363 -3.1852075197196843 ]
Hidden node 38: [ -0.020670375793652617 -0.022708238395873145 -0.016427915616458243 -0.017825605605186395 -0.01723480851596741 0.01777292111065192 ]
Hidden node 39: [ -13.342778673490843 -14.005273664223637 -13.411927565682083 -15.565625327744025 -9.073957597007775 10.535893682980745 ]
Hidden node 40: [ -9.366488679161229 -9.403328318870228 -9.372136819282176 -9.239801114161006 -9.91182631153131 9.809227060355505 ]
Hidden node 41: [ 2.513075865996847 3.1013900270954955 -10.930454793170986 -0.7603737615821078 0.04248250078262242 -0.33213679863470547 ]
Hidden node 42: [ -1.177914452322439 8.76322149266678 -12.871665903449415 -2.2458186971698093 -2.2725115632581248 -2.2608551690260117 ]
Hidden node 43: [ -1.3762556933922143 3.1322048318039255 -3.3646896940144795 -1.3188325356994512 -1.7927149753955525 -1.5111163639656362 ]
Hidden node 44: [ -8.198512532251327 4.794031168120763 0.9799644720884226 -1.737758602967566 -2.244384829474999 -1.9675898147500053 ]
Hidden node 45: [ 6.111063053430113 -3.6438519862260392 -6.250078493188745 -4.536279751520073 -4.968016409371466 -4.68872522200849 ]
Hidden node 46: [ -15.000638988558311 -2.362711846374612 12.775857683857877 -0.8148692536344814 -0.8405502107943814 -0.8288726555297544 ]
Hidden node 47: [ 3.2727346406635816 -2.698076406617304 -1.011163250263576 -0.6837188260549409 -0.3097974817633988 -0.4734214991939918 ]
Hidden node 48: [ 4.471468215103757 -0.2963609464466639 -3.0266421036182467 -0.48403128630838954 -0.15357378886517986 -0.2109693861299754 ]
Hidden node 49: [ -6.982905462048882 5.446653973063832 -3.785253742632959 -1.5067994886856368 -2.1287685116569697 -1.790674061485303 ]
Hidden node 50: [ -1.7256937453803787 -1.4360756124704819 7.1839681826209425 -2.985351167901141 -3.853256703070808 -3.3888319396012614 ]
Hidden node 51: [ 2.2748171415096183 1.3034716277175968 -0.49459500375888527 -0.6078876046891554 -0.2592632390212048 -0.3976121499577785 ]
Hidden node 52: [ 4.5030374094412675 -7.786693537024417 1.6427009050447607 -2.001655260978888 -2.066805163742695 -2.110124612558608 ]
Hidden node 53: [ -0.23601057630355252 -10.186955328669221 5.635710322869471 -4.434255826616068 -4.412588000500862 -4.422329461249109 ]
Hidden node 54: [ 2.7284102276065223 -5.137640135450797 -0.22486068402725112 -0.6333556032270794 -0.3895763375271998 -0.5009511220643831 ]
Hidden node 55: [ -11.616920978202733 0.8137779319422621 3.358987870255953 -9.109749822383892 -9.131401709707008 -9.128770416960787 ]
Hidden node 56: [ -1.4506350745597438 4.004093814649681 -3.3069522099311364 -0.5417967924091667 -0.09006710574448679 -0.11855119214230907 ]
Hidden node 57: [ -6.459530887961112 6.331184570003085 -3.306061446810534 -0.36905782112827773 -0.12309000857747608 0.1684581988913035 ]
Hidden node 58: [ 2.1787669589038474 -3.9476021894627054 2.7865719630841324 -0.8246268966160483 -0.9021802519538265 -0.6543289753536643 ]
Hidden node 59: [ 4.694322343722536 -7.725713680832947 6.1949609213445465 -1.31444676318839 -1.7841663543720971 -1.3558002386917072 ]
Hidden node 60: [ -2.901993525181879 1.7947595750635303 5.463847313471594 -0.7769550246753902 -0.02536672108764836 0.08067520690366617 ]
Hidden node 61: [ 1.6261148625367983 -3.8600107221479067 10.756506212971159 -1.448823749247094 -0.4803838794710183 -1.1473642241498658 ]
Hidden node 62: [ 8.467237863456207 -12.328651557619438 2.5807027791006334 -2.500675164586013 -1.0060948392472753 2.7781709158858057 ]
Hidden node 63: [ 1.6365106478348375 -6.265438475240187 4.53069182701861 -1.565501745861732 -0.6330397146784102 1.849998847372268 ]
Hidden node 64: [ -10.335347650776647 12.028953899393498 -6.482524617518096 -3.55398069063429 -4.5305523318404495 -3.8804180001534467 ]
Hidden node 65: [ -1.5240195621439736 -1.4729189969455687 -1.509794794211286 1.4701888057670807 -1.5315256076826664 -1.5122517076560866 ]
Hidden node 66: [ -0.064139920791068 0.05760068525697383 -0.053508053530343866 -0.05208702234202839 -0.06755499383343577 -0.04987246828703951 ]
Hidden node 67: [ -8.103058446291845 -6.289561539278746 -8.101210435787149 -8.554764657850384 6.841803511492325 -8.102848206147966 ]
Hidden node 68: [ -9.280217515138839 9.190442264953491 -9.28121127190383 -9.159927509224005 -9.320292773069927 -9.276924871563725 ]
Hidden node 69: [ -0.07293796051877094 5.1991222765617 -7.315273836153339 -2.123171129399733 -3.058857186592705 -2.5611779144351496 ]
Hidden node 70: [ -6.4051829271456375 1.7469521981191132 6.726310056880489 -0.7445770768152411 -0.10960202487421439 -0.2281550399608838 ]
Hidden node 71: [ 2.0238396724494208 -3.8523189167720475 -1.4467829544799942 -4.066576880165634 -4.453250604756893 -4.196613112568127 ]
Hidden node 72: [ -2.3020850518777154 -6.149552065888954 9.68429937844674 -0.9004142169429346 -0.022944354560194693 -0.15799462232197697 ]
Hidden node 73: [ -9.78550553477752 5.460187905732939 -10.526324644913961 -9.84876514530957 -8.327197629924258 -3.8172416899047907 ]
Hidden node 74: [ -17.46492031263979 -13.824310979049137 -17.473392894173866 7.5240342781548195 -9.049568034703428 -19.783119775981213 ]
Hidden node 75: [ -5.642201448715821 2.049494335537883 -10.92294493212774 -8.185108556355615 0.6682197069283928 -3.219232511652301 ]

Classification results
----------------------

	ACTUAL	 	PREDICTED
	------	 	---------
	1	|	2
	1	|	1
	1	|	2
	1	|	1
	1	|	1
	1	|	3
	1	|	3
	1	|	3
	1	|	2
	1	|	2
	1	|	1
	1	|	1
	1	|	1
	1	|	3
	2	|	2
	2	|	2
	2	|	2
	2	|	2
	2	|	2
	2	|	5
	2	|	2
	2	|	2
	2	|	2
	2	|	2
	2	|	2
	2	|	2
	2	|	1
	2	|	3
	2	|	2
	3	|	1
	3	|	3
	3	|	3
	5	|	2
	5	|	5
	6	|	6
	7	|	6
	7	|	7
	7	|	7
	7	|	5
	7	|	7
--------------------------------
Classification accuracy: 62.5%


CROSS VALIDATION FOLD 4
=======================

Weights of each node
--------------------
Hidden node 1: [ -10.906878009719364 10.635621874815252 -6.218224381809216 -1.526522133955484 -1.6506722697489213 -1.5513906308181877 ]
Hidden node 2: [ -0.4192236081748155 1.8247003048316994 -7.7268535490686965 -0.8299906307541971 0.04060761559024786 0.13665559856510348 ]
Hidden node 3: [ 4.434161059900225 2.242722541489418 -11.22492237647088 -0.639462124508295 -0.3160522792905465 -0.32584246724224875 ]
Hidden node 4: [ 6.053372560188321 1.0215866377934752 -10.108655321382756 -0.6407205690121144 -0.31915447186455376 -0.37876480224772535 ]
Hidden node 5: [ -1.4969226083304554 1.5382026078970144 0.9470155363830718 -1.4212622028957222 -0.45625712903932963 -1.1243763048501596 ]
Hidden node 6: [ 0.4443114441121173 -1.5993224550061325 -7.256062156874983 -1.6899433161924222 -1.9310519559450652 -1.8456454844752972 ]
Hidden node 7: [ 3.6225136027685068 -3.7459299670174246 -5.820658863108893 -2.1727806119866626 -2.385658813146172 -2.3286691799301824 ]
Hidden node 8: [ 5.65266033221368 -3.3513223943576596 -3.1699628773344393 -0.4617860700305049 -0.36597946430096956 -0.23779744930784474 ]
Hidden node 9: [ -2.133866702340989 2.1959192840328243 -2.8724170329118035 -0.491114110487978 -0.4546627759762626 -0.4081261890611145 ]
Hidden node 10: [ -3.313007173204928 4.016564479820811 1.694084579219342 -1.7820898810185914 -1.3253529578852785 -1.7878776541151753 ]
Hidden node 11: [ 1.4708502213855055 5.184622873489963 -3.5828570035231304 -3.183640773079865 -4.690172897248073 -4.062848416498073 ]
Hidden node 12: [ -11.606394978937827 5.306523800234828 8.754226427752291 -0.6582168684122165 -0.5386363092843127 -0.4618548408678676 ]
Hidden node 13: [ 5.517764359993438 -1.7193479832178253 1.6398035466688208 -0.9038530771658441 -0.29348393578205734 -0.4478697498806784 ]
Hidden node 14: [ 0.32235997543951944 -1.9234844585847586 2.4386619008988153 -1.0844679810712865 -0.4574653351396534 -0.5021977997377961 ]
Hidden node 15: [ -0.22271188551883286 0.9929189939863534 -0.7129671421568828 -0.29452621502490356 -0.30452202104805576 -0.3054333321827076 ]
Hidden node 16: [ -3.633892253844227 6.771668069868467 -6.338902781113751 -0.5731776032744574 -0.2268815599904287 -0.02884675443386775 ]
Hidden node 17: [ -3.1661771417738436 5.895840661199216 -4.9064280567650105 -0.5784139659945754 -0.2587989843289704 0.007534530452379975 ]
Hidden node 18: [ -10.899507837836707 4.364901351645584 1.6130330435722415 -0.6620761536684497 -0.17036305719397501 -0.23566350676969727 ]
Hidden node 19: [ 3.40797308975716 -9.31143197186921 5.471815988040124 -1.5823650038028385 -2.1054523699628307 -1.884111777162239 ]
Hidden node 20: [ -6.266264660058437 1.288540489445516 -2.468485673654951 -0.29449663845129476 -0.23832182782666894 0.2192103831939922 ]
Hidden node 21: [ 1.310358051242825 2.2567242774054583 -1.5430765031157083 -0.7033644285468158 -0.21126440946976527 -0.26712150931806866 ]
Hidden node 22: [ -0.8922593869367699 -1.0967633918856203 -3.0865483822946977 -0.4738769682307643 -0.0011995485782517927 0.6197306658179285 ]
Hidden node 23: [ 0.9644101695991565 1.6936817154401123 -3.752713440618907 -0.9713957363139301 -0.015544617308442747 0.08305767668616584 ]
Hidden node 24: [ -5.603007336962043 2.0383859246478537 3.5198617030907586 -0.7134719979546491 -0.33655848805988486 0.013389111957675085 ]
Hidden node 25: [ -0.8010476634296508 -7.007792712086582 7.684115786345176 -4.518528359875419 -5.451110698559026 -5.0586242211529555 ]
Hidden node 26: [ -7.9990464461182995 3.621424091708369 -1.4616466653381566 -1.9700858984959724 -2.5609505208894734 -2.2958258705321093 ]
Hidden node 27: [ 3.0207262277979234 -2.4503585918483135 3.3389608967944477 -0.8198879410584019 -0.39604866660227045 0.20299662118874134 ]
Hidden node 28: [ 9.494461162659011 -4.418726818798905 -4.543900449234876 -5.47594396263534 -7.181836644277553 -6.45138332377346 ]
Hidden node 29: [ 3.0625629534132526 -7.6931465004596875 1.198555087967837 -2.044679724476701 -1.7889407048054355 2.237825707664319 ]
Hidden node 30: [ -3.3053839946541403 3.169338359701017 2.3939801790986768 -0.9023153665002601 -0.32997367550067097 -0.6836791779956609 ]
Hidden node 31: [ 4.660387704267234 -4.778992662891381 0.3191326504141652 -1.9355273846378458 -2.6597146791998485 -2.2400663963057226 ]
Hidden node 32: [ -4.165439242108855 9.929758189318386 -4.601271056147995 -2.92315100906222 -5.059688633155993 -4.134990202572589 ]
Hidden node 33: [ -0.20853395953952975 -0.1943777082347052 -0.20293507537580632 -0.20005688099779448 -0.20171068372095782 0.2054071703806525 ]
Hidden node 34: [ -5.076703890618432 -3.9424976466101866 -5.149193424793049 5.3520113440060655 -6.259428206775099 -5.660345618619256 ]
Hidden node 35: [ -14.853551130833713 -1.4319233809825311 -10.53311262968218 -13.286886754948204 5.4711591410536675 -2.6526010657367114 ]
Hidden node 36: [ -0.9765627383265254 -0.9547129627240795 -1.0142696662830193 -0.947638643669213 -0.9828774472065279 1.0014709492201854 ]
Hidden node 37: [ -11.900594612113116 8.126341152479608 -9.63379924942563 -2.6155920494031104 -2.5998832237834733 -2.673256879321665 ]
Hidden node 38: [ -0.035993944169734414 -0.039920807713582564 -0.05364965639418856 -0.04356480402525373 -0.04679109991264029 0.041504118777907 ]
Hidden node 39: [ -12.66612461787493 -13.357690753336094 -12.701057535545186 -14.804042457238896 -8.115203944550801 9.698763357879754 ]
Hidden node 40: [ -9.503916689344756 -9.506686886504655 -9.499006724294615 -9.354173482037618 -10.079954091793807 9.971376722083875 ]
Hidden node 41: [ 0.6724264294877419 1.0624402802807187 -6.035835944302102 -0.7954880260903854 0.1289799828434961 -0.32379658364829905 ]
Hidden node 42: [ 2.2646526050250633 4.929504003762435 -11.086165960713371 -1.4092804530858554 -1.6262880149503582 -1.5492101026879876 ]
Hidden node 43: [ -0.3806212802468895 -0.5101839621106713 -4.688120693215726 -1.9383977565781099 -2.5888412159579555 -2.2381309463640298 ]
Hidden node 44: [ -10.984036535413928 6.525279030899542 -0.536903891526405 -2.8660476847840846 -3.4210398597658265 -3.2072265014670465 ]
Hidden node 45: [ 9.413054320799116 -7.344118328021039 -8.082265736376018 -4.633219759628996 -4.675804206987212 -4.4954973125830975 ]
Hidden node 46: [ 2.034483840826843 -2.2606732232878772 -1.8913572603752846 -1.4065394648953382 -1.3522860835903945 -1.4025799564258805 ]
Hidden node 47: [ 4.87165993208963 -0.8371868892956098 -3.8132504195356316 -0.7097056080598959 -0.5034973306746509 -0.4158241757302233 ]
Hidden node 48: [ 3.0116948349554225 -4.389252871657159 1.547334317915481 -0.5323442872850246 -0.45240979980727813 -0.18353592355762116 ]
Hidden node 49: [ -5.036986023431037 6.481018890970232 -4.437060226784656 -2.569002466775373 -3.276087348829147 -2.977146714992279 ]
Hidden node 50: [ 4.507610426815309 -4.738351161648274 3.515904516432714 -4.1266823378556445 -5.130736889612359 -4.7528070876588595 ]
Hidden node 51: [ -1.0900740794548769 -2.189186195771133 3.810460424707269 -0.6620402906628982 -0.5541523850193937 -0.37842682597146066 ]
Hidden node 52: [ 8.820508514330575 -5.8101688206613415 0.8540469056765398 -2.084351765257564 -1.484182630422947 -1.5545343034964598 ]
Hidden node 53: [ 7.792886306692215 -8.50068086844927 -8.01753286715322 -6.045862302334237 -5.925966057099289 -6.0353811615719675 ]
Hidden node 54: [ 4.897491790155515 -2.47783755470133 -1.7371018851140596 -0.6717115404262807 -0.5570486312601116 -0.48467822463699584 ]
Hidden node 55: [ -9.043812426337954 2.9048120549826337 3.599174793252217 -9.016903276581385 -9.03873021948032 -9.040687449515122 ]
Hidden node 56: [ -3.712775816759542 6.0839222208271275 -4.038079589073529 -0.5574697113678596 -0.2415693341492461 -0.037279190287235885 ]
Hidden node 57: [ -8.842124544357915 4.143266473776453 -0.732884534789524 -0.4269936418556349 -0.31592227967866 0.20872708681250565 ]
Hidden node 58: [ -1.6681988072865435 -2.5864398028345215 -1.4851303918924916 -1.1248844460724632 -1.4151407169371066 -1.0318079031446574 ]
Hidden node 59: [ 6.980027825625591 -6.932244005364342 -2.0459754160032846 -1.8054352086185115 -2.5306405575957904 -2.044040865337258 ]
Hidden node 60: [ -3.445478603918902 -0.6770658908088174 7.1664384630686735 -0.808506228701843 -0.3626699615703329 0.1519775629187728 ]
Hidden node 61: [ -1.8420871019437488 -2.299065719460162 9.614715131568259 -1.5564664914402284 -0.5765013249719487 -1.0988239482444575 ]
Hidden node 62: [ 15.568827045750455 -17.92981573084354 1.7084692178500547 -2.7763232804535516 -2.7605634475830088 2.3370244868922683 ]
Hidden node 63: [ -0.5919355653130156 -9.14354686928492 8.612794613310509 -1.6511939937615174 -2.311352362076797 1.3893556257616226 ]
Hidden node 64: [ 1.8955275956837017 -2.231749127972409 -1.3463452494264958 -1.8769389783342536 -1.86115248826337 -1.786268781651465 ]
Hidden node 65: [ -1.5023727882612887 -1.4901675246199082 -1.49207247660258 1.508500589593262 -1.5087119467616328 -1.5003070013756872 ]
Hidden node 66: [ 0.0018817742487395467 -0.00744967417315496 -0.0013000327497033489 0.0014556075733135052 0.006537067671540667 -0.00878982862898378 ]
Hidden node 67: [ -8.133201130157557 -6.31522427052603 -8.13602937491134 -8.569683888285493 6.80090395502148 -8.084153864686252 ]
Hidden node 68: [ -3.9525583972652893 3.9012382949722912 -3.952773550520114 -3.8695781116915864 -3.988816342608546 -3.948711694032555 ]
Hidden node 69: [ -4.623654489017694 6.0553746823154 -0.30740278908852986 -2.883658340007034 -3.7942326445458683 -3.4043405692525397 ]
Hidden node 70: [ -4.951329829341025 1.6876600744195052 8.254814872776128 -0.7853802638675702 -0.19802708017307236 -0.19648384900699822 ]
Hidden node 71: [ 9.286967793732298 -7.268423930787655 -7.7827688303878615 -4.501562199693122 -4.510220271708459 -4.463605540117483 ]
Hidden node 72: [ 4.55366625686897 -4.067725003387471 9.653777257034708 -0.9186115585247515 -0.08741090262137431 -0.14609563724008587 ]
Hidden node 73: [ -12.33622721914895 8.052285599766401 -10.916606551366566 -9.539035667437966 -10.417877969008092 -4.064575946825756 ]
Hidden node 74: [ -17.26215068302364 -13.720857531692973 -17.327897846127183 6.398044198830944 -8.011988874187917 -19.332254772023514 ]
Hidden node 75: [ -5.082183948529212 1.136597106734825 -5.019374080656403 -8.33823377577605 -0.32984807337467775 -3.0466365113422005 ]

Classification results
----------------------

	ACTUAL	 	PREDICTED
	------	 	---------
	1	|	1
	1	|	1
	1	|	1
	1	|	1
	1	|	3
	1	|	3
	1	|	1
	1	|	1
	1	|	2
	1	|	2
	1	|	1
	1	|	1
	1	|	1
	1	|	1
	2	|	2
	2	|	2
	2	|	1
	2	|	2
	2	|	2
	2	|	2
	2	|	2
	2	|	2
	2	|	5
	2	|	2
	2	|	2
	2	|	2
	2	|	2
	2	|	2
	2	|	2
	3	|	1
	3	|	1
	3	|	1
	5	|	5
	5	|	7
	6	|	6
	7	|	7
	7	|	7
	7	|	7
	7	|	7
	7	|	7
--------------------------------
Classification accuracy: 75.0%


CROSS VALIDATION FOLD 5
=======================

Weights of each node
--------------------
Hidden node 1: [ -12.79697576880755 16.719986162898948 -2.298166762201726 -1.1629220529604356 -1.248698335266187 -1.1799588668073935 ]
Hidden node 2: [ 0.5200677748146733 4.015941703807336 -6.740472781478514 -0.6879420980929393 -0.15669782356974704 0.11533470016243925 ]
Hidden node 3: [ 6.823699029068581 -2.947284590925539 -10.303046112854183 -0.6161784178355139 -0.3279825395725422 -0.3733496506374804 ]
Hidden node 4: [ 4.50518839847603 -5.843257171239204 -7.485303986642416 -0.6190096580718593 -0.37126311409211343 -0.43599826629964955 ]
Hidden node 5: [ 2.6918072548290617 -0.023394588254511343 -5.41654901756592 -1.382911378099737 -0.4049531749572754 -1.310342933313431 ]
Hidden node 6: [ 2.5844971191700474 -1.2128458869783278 -3.271236649526543 -2.483432932963258 -2.5775729540564134 -2.572109804471086 ]
Hidden node 7: [ 4.5232404266117525 -4.537697456404123 -3.818139607933478 -3.0977024840219154 -3.167163742865481 -3.1794062278966146 ]
Hidden node 8: [ 7.674670524159915 -4.65607426848903 -2.526442166752743 -0.45594475144098384 -0.3731605451063435 -0.2763117512658881 ]
Hidden node 9: [ -3.7833738443764284 1.913819345409407 -0.3265964630991101 -0.5198534024413154 -0.4646864734967745 -0.44967075232564996 ]
Hidden node 10: [ -6.6219287214525195 5.314178760869753 5.536203005174245 -1.8050932476126096 -1.3451855553338217 -1.9803317027947618 ]
Hidden node 11: [ -3.6266540775429004 6.1795788557336575 -2.536246664621178 -2.979659840808817 -3.727006177352167 -3.523538781286689 ]
Hidden node 12: [ -12.338391140499187 7.1545145971158295 7.484058785579199 -0.6628747369836279 -0.4550597454295974 -0.5409250386230007 ]
Hidden node 13: [ 2.2180203439054655 -4.075251146068867 2.6747512879321054 -0.8818723066408377 -0.2916321858291098 -0.5923044545596101 ]
Hidden node 14: [ 2.892335773427726 1.3144324335587445 0.47731992822204156 -1.0821480414649514 -0.1801693492293411 -0.7354682029728905 ]
Hidden node 15: [ -3.4198247053983555 2.453700504046712 3.220909204290105 -0.2813320519734493 -0.2428442033527104 -0.2704803955750958 ]
Hidden node 16: [ -4.098643993072631 5.734983076550567 -6.528589700280828 -0.4835587166355321 -0.33549834244267024 -0.011339426054359062 ]
Hidden node 17: [ -4.194752652273235 5.209391504321981 -4.895200130971043 -0.5073657873780302 -0.3457647171945205 0.018523304535061107 ]
Hidden node 18: [ -11.514137818126036 4.579444096263375 2.225852022133606 -0.6502743769374736 -0.11193925979912697 -0.3695813869563438 ]
Hidden node 19: [ -1.5589527654239361 -3.1448296544191257 0.6351244247303734 -1.451113500757499 -1.6230927192419693 -1.5765160053665064 ]
Hidden node 20: [ -9.536655655419796 -0.7144090426339663 -0.36437926221677075 -0.345495234122485 -0.24980768550459953 0.11513084946368644 ]
Hidden node 21: [ 1.6588280746120223 -1.678249343737357 -2.268002494893103 -0.6686076914654655 -0.2452757782250649 -0.3435850344242146 ]
Hidden node 22: [ -2.7576236744499414 -0.5150062960131919 -0.5599549312621427 -0.4771781346358326 -0.315053412837803 0.5275234780906467 ]
Hidden node 23: [ 1.7692037960826552 7.680954015369165 -6.865388908261134 -0.6805064453581731 -0.3881955140845483 0.29090304809351947 ]
Hidden node 24: [ -5.201544154712151 3.0232634738480435 2.585656323613076 -0.6866651797171045 -0.334005890213266 -0.06506736601575569 ]
Hidden node 25: [ 8.07018020083967 -9.106223747753745 -6.417221035284707 -3.9126182747953195 -4.146010606853407 -4.132335518976475 ]
Hidden node 26: [ -4.536767598818741 5.760935659066643 -3.6914582554094015 -2.053203007680022 -2.4091577981950554 -2.2556327738224935 ]
Hidden node 27: [ 2.507328348421204 -0.4982155959032949 1.2252454410516063 -0.669810480433772 -0.5319915134431922 0.2809153764360203 ]
Hidden node 28: [ 14.515770246990117 -13.90231799698003 -2.894919054332814 -5.5158581479305 -5.9429590497900895 -5.8961539851042035 ]
Hidden node 29: [ 1.1564947687431915 -2.689169232061927 1.730801269537457 -1.946821900243617 -1.8836793361355928 2.1593251520548113 ]
Hidden node 30: [ -11.125573191909277 -0.38409090456262335 9.896535142348313 -0.9072927164197397 -0.34406962677314085 -0.8622437042232011 ]
Hidden node 31: [ 3.040990243685698 -5.2936370130613435 5.817765382268625 -1.8142587113198145 -2.0034615988954916 -1.9565369639283463 ]
Hidden node 32: [ -7.043050818675511 6.010850783676744 5.196255299871119 -2.744109068668643 -3.9388178780526877 -3.55273811172144 ]
Hidden node 33: [ -0.20115530819539074 -0.19876133582420955 -0.2102171674011157 -0.1991714246783075 -0.19842963203584757 0.19522276754475543 ]
Hidden node 34: [ -4.762226463303744 -4.390103341052407 -4.833411145169574 5.2017149576985435 -4.792510022023062 -5.059998398596236 ]
Hidden node 35: [ -9.145449063835267 -4.482046019404048 -9.85728768254664 -10.130452799201398 4.19103313627004 -1.9651685523374778 ]
Hidden node 36: [ -1.0406900518860511 -0.917007528119465 -0.9936701055683316 -0.9542833522916643 -0.9951554029658043 1.0140848674312124 ]
Hidden node 37: [ 10.719101826904387 10.544049959287275 -13.756962878602797 -2.5844693153165545 -2.632633307745855 -2.876306233492643 ]
Hidden node 38: [ -0.04239424376066451 -0.0417833714513382 -0.03562185381243609 -0.04561443006362548 -0.03994593460960731 0.03741416925653793 ]
Hidden node 39: [ -10.355888527135422 -10.234168007294148 -10.282884845939554 -10.274168959203973 -10.427129996252837 10.436425842042151 ]
Hidden node 40: [ -5.9996954913489455 -5.958781455433996 -5.96287635701198 -5.95292795571531 -6.034766691657854 6.055090982008019 ]
Hidden node 41: [ 6.200235536885598 -5.275056664171316 -5.582050042173768 -0.7266921802114995 0.1236450863148285 -0.4703428937942535 ]
Hidden node 42: [ 4.903663109108541 -4.119064721532812 -2.9136642832196817 -2.2635840806390117 -2.3097596559759483 -2.317386699884883 ]
Hidden node 43: [ 5.849722441241996 -2.6577958622648925 -4.700994395624972 -1.8521045951646378 -2.102545103259712 -2.022361880332396 ]
Hidden node 44: [ -13.004106465910034 10.952283605795797 -5.909467009337262 -2.8008553851838434 -3.078699827263016 -3.0144383437937403 ]
Hidden node 45: [ 1.0655407088494395 -4.1431733652256195 -0.7093407660208357 -3.7699757475024698 -4.414814329715063 -3.8686305223841835 ]
Hidden node 46: [ -11.036817343796208 -4.564291215371424 5.898875386415725 -1.3447776283543258 -1.3451200938004986 -1.3536435689734985 ]
Hidden node 47: [ 4.41343983411767 -0.6462142240770833 -2.724129985767007 -0.7199939737484546 -0.43282576649717425 -0.5056004410147706 ]
Hidden node 48: [ 4.5271494619977615 -4.99013849835651 3.0279186462619245 -0.5377239804935858 -0.3675390425580983 -0.24385561498990574 ]
Hidden node 49: [ -2.3778221567779174 4.206720299591243 -4.545290075719344 -2.4738774002654718 -2.8127754420908 -2.7115387952548895 ]
Hidden node 50: [ -1.7436384438380306 -0.7782018391031306 -5.078198860323676 -3.9602483775266224 -4.427065514104212 -4.327541409747356 ]
Hidden node 51: [ 0.03542037902991246 0.024287727125987014 4.734270906501116 -0.6698871266115977 -0.4128379259835923 -0.4680211705644842 ]
Hidden node 52: [ 3.7306276073765385 -3.622551856114306 -2.0687878999647267 -2.147009370212842 -1.5067961700457941 -1.8599826592313036 ]
Hidden node 53: [ 9.744605577626286 -11.136114896560516 -6.307387574113503 -4.528769521703525 -4.729176428114259 -4.607221495511416 ]
Hidden node 54: [ 1.3422842735609268 -1.746257123205767 1.3643904467728327 -0.6908432421602995 -0.5130092009098353 -0.5587742654154109 ]
Hidden node 55: [ -9.218436583383417 8.624686544883202 -2.0967589170251335 -1.0107619723817283 -1.0240883106100178 -1.0196004935098861 ]
Hidden node 56: [ -3.6943154635377637 5.300034148749185 -4.9571908112785525 -0.49311490726719653 -0.3454334802572046 -0.014954501595806326 ]
Hidden node 57: [ -12.600966955397816 2.5005263778070246 1.6673430326392147 -0.43716943787448503 -0.32480094781451846 0.13175091542034734 ]
Hidden node 58: [ 0.23092549119634392 -4.786202496712355 -0.3510590353282646 -1.0875241466096135 -1.1854241526495493 -0.9353244874308877 ]
Hidden node 59: [ 0.6437989513063055 -7.344356376078388 7.651037817306826 -1.6624164429498274 -1.8779302053384717 -1.7557965526508166 ]
Hidden node 60: [ -1.5619052169330305 2.705103513187207 3.464205345534956 -0.7228336595641498 -0.4116038278757792 0.10919944880892477 ]
Hidden node 61: [ 3.276738526650954 -1.0334096405340452 1.6851334772899131 -1.595432322183429 -0.24825196864018131 -1.455333313682581 ]
Hidden node 62: [ 15.544266873309672 -11.643659589984601 0.6650958290401744 -3.0101639113781147 -2.10620680953898 1.6946344603452157 ]
Hidden node 63: [ 0.06738795837380293 -10.503684904948837 7.776441041103204 -1.844199873786336 -1.660006516209477 0.9792329949609554 ]
Hidden node 64: [ -10.705560263366685 12.013327811593287 -4.732272814637431 -2.999080544803802 -4.415354276149505 -3.448742845488942 ]
Hidden node 65: [ -0.026228134940735035 0.02791833137122258 -0.02731209036603452 -0.021551861835056398 -0.014653455543906898 -0.02495747293681181 ]
Hidden node 66: [ -0.06040212356728201 0.056561996468510005 -0.06497248159519557 -0.05117722528711393 -0.05917195561374367 -0.06345961559758415 ]
Hidden node 67: [ -0.19194235275492136 -0.19796268162798095 -0.18985458693137963 0.10290627601972782 -0.20680963205171388 -0.10245357919078732 ]
Hidden node 68: [ -10.087310193221462 10.103607043549815 -10.087661208484912 -10.103247352384814 -10.087154894382746 -10.087284863514498 ]
Hidden node 69: [ -7.594476772163923 14.768452877801124 -4.264844678383416 -2.8739152179491168 -3.140504095056771 -3.1154151945271 ]
Hidden node 70: [ -2.9394074803863495 2.7514979196328215 5.388792262029384 -0.7582179393603714 -0.16831863810329487 -0.3321362669638668 ]
Hidden node 71: [ -1.9044541866896945 -6.9225020214349104 6.196303338012554 -3.8796150826903055 -4.39926054454034 -4.0314810524849545 ]
Hidden node 72: [ 3.756677795698975 -3.957504250203212 7.036710174006804 -0.8789547461152777 -0.12548118303268385 -0.30185311474809823 ]
Hidden node 73: [ -9.159420853344479 1.0354570985619678 -8.141873829182208 -5.250661757608795 -6.350639915126741 0.7335928157858599 ]
Hidden node 74: [ -7.510428535229172 -7.5311962792087686 -7.508328402678862 7.6467929040522495 -7.548590279377914 -7.625614101320977 ]
Hidden node 75: [ -1.2186592268218503 -3.4397462605442604 -5.537027395159492 -5.402455658441902 2.716205484160135 -1.5236238689574504 ]

Classification results
----------------------

	ACTUAL	 	PREDICTED
	------	 	---------
	1	|	1
	1	|	1
	1	|	1
	1	|	1
	1	|	1
	1	|	1
	1	|	2
	1	|	1
	1	|	2
	1	|	1
	1	|	3
	1	|	1
	1	|	1
	1	|	1
	2	|	2
	2	|	2
	2	|	5
	2	|	2
	2	|	2
	2	|	2
	2	|	1
	2	|	7
	2	|	2
	2	|	2
	2	|	2
	2	|	2
	2	|	2
	2	|	2
	2	|	2
	2	|	2
	3	|	1
	3	|	3
	3	|	3
	3	|	1
	3	|	2
	5	|	5
	5	|	7
	5	|	5
	5	|	2
	5	|	5
	6	|	7
	6	|	7
	6	|	5
	6	|	5
	6	|	5
	7	|	7
	7	|	7
	7	|	7
	7	|	7
	7	|	7
	7	|	7
	7	|	7
	7	|	7
	7	|	7
--------------------------------
Classification accuracy: 70.37%

